11.714
11.589
11.429
11.716
11.864
11.614
11.439
11.712
11.572
11.634
11.520
11.698
11.497
11.815
11.657
11.726
11.723
11.603
11.702
11.696
11.811
11.676
11.548
11.429
11.704
11.821
11.597
11.595
11.478
12.144
11.952
11.946
11.606
11.915
11.397
11.771
11.494
11.466
11.579
11.811
11.752
11.494
11.506
11.480
11.481
11.596
11.558
11.515
11.730
11.516
11.481
11.390
11.482
11.737
11.532
11.781
11.609
12.065
11.877
11.648
11.634
12.197
11.586
11.549
11.591
11.758
11.603
11.714
11.515
11.579
11.501
11.502
11.895
11.655
11.583
11.544
11.632
11.485
11.815
11.588
11.567
11.628
11.562
11.856
11.522
11.558
11.683
12.133
11.903
11.647
11.906
11.677
11.678
11.795
11.607
11.642
11.558
11.839
11.588
11.824
11.662
11.674
12.034
11.693
11.546
11.521
11.450
11.523
11.590
11.782
11.517
11.521
11.967
11.520
11.566
11.590
11.483
11.856
11.783
11.625
11.542
11.675
11.427
12.087
11.585
11.745
11.637
11.602
11.695
11.669
11.524
11.514
11.406
11.676
11.664
11.482
11.536
11.622
11.517
11.850
11.655
11.678
12.115
11.632
11.623
11.665
11.686
11.594
11.652
11.634
11.695
11.462
11.447
11.584
11.481
11.614
11.549
11.577
11.659
11.583
11.672
11.442
11.535
11.794
11.714
11.599
11.618
11.563
11.616
11.985
11.508
11.715
11.811
11.561
11.691
11.567
11.561
11.917
11.561
11.889
11.643
11.620
11.624
11.705
11.493
11.599
11.531
11.461
11.635
11.651
11.653
11.574
11.749
11.947
11.575
11.509
11.579
11.590
11.566
11.544
11.723
11.446
11.559
11.644
11.632
11.778
11.761
11.549
11.459
11.531
11.638
11.637
11.557
11.809
11.705
11.700
11.557
11.538
11.579
11.587
12.208
11.594
11.436
11.563
11.541
11.719
12.104
11.510
11.660
11.946
11.558
11.768
11.470
11.696
11.524
11.540
11.526
11.762
11.668
11.530
11.742
12.208
11.634
11.694
11.818
11.662
11.958
11.603
11.843
11.460
11.645
11.688
11.851
11.751
11.510
11.707
11.738
11.511
11.863
11.700
11.525
11.619
11.738
11.612
11.838
11.630
11.591
11.534
11.617
11.570
11.988
11.509
11.636
11.698
11.470
11.774
11.594
11.674
11.621
11.591
11.736
11.740
11.778
11.481
11.681
12.119
12.024
11.507
11.645
11.546
11.696
11.898
11.929
11.734
11.661
11.650
11.533
11.576
11.620
11.689
11.888
11.573
11.548
11.686
11.661
11.813
12.058
11.646
11.972
11.794
11.597
11.788
11.561
11.434
11.574
11.957
11.603
11.585
11.886
11.659
11.582
11.753
11.590
11.537
11.837
11.533
11.756
11.479
11.859
11.487
11.689
11.819
11.540
11.526
11.570
11.690
11.881
11.565
11.736
11.515
11.580
11.875
11.834
11.589
11.563
11.683
11.783
11.603
11.604
11.787
11.479
12.040
11.503
11.630
11.573
11.697
12.074
11.706
11.706
11.463
11.743
11.467
11.931
11.513
11.837
11.665
11.526
11.894
11.617
11.601
11.755
11.727
11.520
11.485
11.500
11.836
11.492
11.653
11.702
11.970
11.796
11.592
11.666
11.635
11.510
11.579
11.830
11.943
11.685
11.478
11.465
11.560
11.692
11.552
11.627
11.512
11.544
11.719
11.660
11.606
11.460
11.557
11.759
11.481
11.563
11.586
11.769
11.645
11.620
11.659
11.565
11.662
11.702
11.769
11.406
11.515
11.531
11.587
11.632
11.638
11.554
11.787
11.606
11.513
11.636
11.491
11.653
12.069
11.699
11.700
11.616
11.577
11.569
11.600
11.641
11.501
11.640
11.567
11.721
11.653
11.748
11.578
11.713
11.706
11.693
11.528
11.698
11.519
11.590
11.597
11.489
11.870
11.771
11.737
11.768
11.751
11.591
11.636
11.520
11.782
11.506
11.603
11.433
11.682
11.669
11.728
11.927
11.663
11.433
11.829
11.539
11.708
11.674
11.409
11.578
11.772
11.825
11.798
11.969
11.557
11.512
11.672
11.586
11.816
11.587
11.753
11.688
11.673
11.540
11.799
11.604
11.502
11.695
11.571
11.677
11.911
11.660
11.699
12.006
11.761
11.676
11.830
11.510
11.535
11.572
11.458
11.483
11.880
11.482
11.602
12.040
11.712
11.853
11.722
11.752
11.711
11.606
11.534
11.683
11.492
11.904
11.638
11.642
11.803
11.994
12.144
11.711
11.385
11.510
11.785
11.768
11.592
11.685
11.659
11.652
11.440
11.558
11.630
11.598
11.665
11.719
11.569
11.498
11.740
11.646
11.591
11.618
11.629
11.701
11.674
12.208
11.770
11.486
12.061
11.742
11.785
11.592
11.885
11.732
11.536
11.803
11.652
11.554
11.644
11.562
11.726
11.620
11.699
11.428
11.420
11.610
11.756
11.563
11.562
11.676
11.602
11.533
11.553
11.814
11.558
11.564
11.840
11.736
11.716
11.552
11.902
11.996
11.972
11.566
11.689
11.712
11.673
11.453
11.708
11.659
11.933
11.674
11.667
11.959
11.724
11.546
11.692
11.486
11.892
11.736
11.470
11.824
11.588
11.960
11.474
11.567
11.699
11.785
11.506
11.465
11.768
11.668
11.843
12.103
11.517
11.740
11.638
11.425
11.722
11.792
11.611
11.661
11.514
11.734
11.848
11.860
11.745
11.744
11.582
11.569
11.663
11.578
11.906
11.741
11.694
11.766
11.561
11.672
11.539
11.624
11.756
12.080
11.626
11.485
11.902
11.673
11.599
11.416
11.741
11.640
11.723
11.647
11.813
11.552
11.969
11.563
11.590
11.688
11.863
11.408
11.644
11.588
11.438
11.460
11.554
11.530
11.843
11.622
11.865
11.650
11.536
11.676
11.629
11.836
11.455
11.703
11.525
12.266
11.572
11.782
11.564
11.417
11.685
11.734
11.553
11.622
11.601
11.959
11.684
11.683
11.660
11.529
11.462
11.614
11.629
11.872
11.875
11.729
11.719
11.624
11.446
11.841
11.776
11.619
11.697
11.834
11.555
11.609
11.640
11.640
11.507
12.096
11.536
11.552
12.045
11.542
11.730
11.533
11.628
11.548
11.755
11.608
11.574
11.563
11.499
11.709
11.744
11.571
11.760
11.892
11.877
11.620
11.438
11.648
11.518
11.571
11.823
11.659
11.536
11.610
11.906
11.674
11.534
11.587
11.517
11.557
11.597
11.913
11.522
11.835
11.539
11.615
11.615
11.812
11.789
11.603
11.993
11.590
11.667
11.417
11.742
11.527
11.700
11.930
11.627
11.603
11.537
11.494
11.422
11.621
11.763
11.519
11.918
11.750
11.916
11.501
11.913
11.662
11.811
11.702
11.734
11.555
11.407
11.499
11.735
11.794
11.809
11.603
11.697
11.600
11.419
11.638
11.588
11.662
11.755
11.559
11.722
11.742
11.741
11.621
11.513
11.560
11.430
11.855
11.603
11.646
11.557
11.488
11.567
11.568
11.921
11.644
11.788
11.524
11.665
11.627
11.576
11.699
11.632
11.843
11.645
11.705
12.182
11.661
11.581
11.894
11.713
11.485
11.674
11.539
11.675
11.694
11.534
11.475
11.487
11.686
11.868
11.522
11.734
11.722
11.603
12.111
11.639
11.976
11.551
11.710
11.589
11.719
11.627
11.664
11.646
11.939
11.551
11.682
11.668
11.531
11.767
11.470
11.706
11.626
11.643
11.629
11.779
11.623
11.554
12.056
11.627
11.565
11.446
11.647
11.579
11.574
11.479
11.819
11.470
11.496
11.879
11.559
11.571
11.387
11.712
11.510
11.603
11.613
11.736
11.727
11.708
11.701
11.812
11.591
11.696
11.500
11.649
11.505
11.691
11.750
11.667
11.454
11.751
11.736
11.776
12.062
11.764
12.004
11.641
11.494
11.579
11.482
11.601
11.644
11.741
11.595
11.732
11.683
11.627
11.644
11.545
11.683
11.469
11.756
11.680
11.590
11.746
11.619
11.548
11.718
11.670
11.895
11.624
11.901
11.636
11.585
11.747
11.548
11.852
11.583
11.633
11.656
11.725
11.380
11.583
11.671
11.464
11.505
11.465
11.638
11.471
11.532
11.577
11.978
11.798
11.934
11.740
11.493
11.522
11.656
11.828
11.544
11.816
11.646
11.605
11.600
11.577
11.420
11.597
11.604
11.552
11.656
11.454
11.821
11.743
11.806
11.685
11.516
11.567
11.717
11.718
11.575
11.750
11.703
11.439
11.563
11.754
11.800
11.665
11.731
11.854
11.831
11.681
11.952
11.616
11.878
11.558
11.808
11.419
11.745
11.686
11.545
11.659
11.737
11.417
11.743
12.033
11.673
11.732
11.649
11.636
11.508
11.703
11.802
11.883
11.718
11.530
11.980
11.861
11.843
11.814
11.612
11.680
11.748
11.433
12.090
11.464
11.716
11.523
11.827
11.534
11.704
11.513
11.634
11.543
11.537
11.566
11.968
11.680
11.557
11.712
11.717
11.467
11.603
11.580
11.668
11.671
11.738
11.594
11.510
11.803
11.571
11.872
11.710
11.667
11.761
11.455
11.616
11.557
11.713
11.745
11.716
11.648
11.742
11.535
11.603
11.599
11.636
11.687
11.653
11.935
11.561
11.592
11.853
11.982
11.633
11.579
11.574
11.585
11.644
11.415
11.639
11.701
11.521
11.489
11.600
11.852
11.604
12.297
11.808
11.916
11.709
11.517
11.866
11.831
11.651
11.641
11.585
11.519
11.647
11.663
11.841
11.631
11.593
11.598
11.581
11.767
11.599
11.481
12.132
11.926
11.648
11.555
11.544
11.487
11.607
11.528
11.654
11.856
11.664
11.625
11.614
11.712
11.565
11.833
11.507
11.637
11.688
11.613
11.731
11.632
11.605
11.556
11.667
11.539
11.975
11.548
11.740
11.638
11.805
11.643
11.649
11.668
11.618
11.815
11.747
11.462
11.721
11.557
11.499
11.476
11.719
11.921
11.528
11.694
11.600
11.795
11.506
11.395
11.612
11.487
11.500
11.475
11.668
11.857
11.729
11.504
11.841
11.476
11.495
11.475
11.578
11.725
11.916
11.703
11.626
11.624
11.513
11.613
11.565
11.617
11.481
11.495
11.766
11.780
11.487
11.610
11.531
11.524
11.806
11.474
11.927
11.613
11.508
11.443
11.609
11.586
11.755
11.693
11.579
11.610
12.171
11.640
11.516
11.594
11.596
11.638
11.702
11.738
11.624
11.652
11.638
11.732
11.777
11.656
12.126
11.544
11.819
11.695
11.606
11.457
11.417
11.555
11.612
11.842
11.726
11.558
11.651
11.609
11.864
11.602
11.896
11.668
11.611
11.643
11.610
11.826
11.730
11.806
11.598
11.841
11.763
11.703
11.699
11.895
11.607
11.628
11.546
11.596
11.580
11.475
11.482
11.723
11.694
11.874
11.958
11.469
11.480
11.789
11.530
11.742
11.927
11.625
11.420
11.642
11.670
11.521
11.959
11.715
11.605
11.619
12.031
11.752
11.479
11.791
11.843
11.750
11.532
11.544
11.605
11.712
11.513
11.692
11.575
11.735
11.589
11.704
11.535
11.518
11.516
11.733
11.494
12.165
11.784
11.673
11.695
11.463
11.560
11.443
11.509
11.626
11.528
12.074
11.449
11.516
11.544
11.509
11.878
11.494
11.632
11.633
11.519
11.773
11.502
11.471
11.757
11.466
11.887
11.606
11.669
11.776
11.977
11.486
11.478
11.452
11.685
11.510
11.500
11.451
11.740
11.623
11.832
11.709
11.640
11.583
11.559
11.798
11.938
11.994
11.942
11.504
11.498
11.616
11.695
11.816
11.686
11.508
11.549
11.601
11.615
11.558
11.657
11.818
11.394
11.818
11.448
11.501
11.543
12.022
11.787
11.507
11.719
11.454
11.620
11.860
11.891
11.586
11.813
12.170
11.759
11.897
11.743
11.642
11.813
11.583
11.895
12.221
11.523
11.399
11.509
11.856
11.525
11.783
11.444
11.654
11.681
11.523
11.555
11.584
11.673
11.848
11.468
11.732
11.596
11.791
11.590
12.123
11.491
11.871
11.643
11.623
11.650
11.560
11.686
11.677
11.494
11.871
11.396
11.587
11.507
11.859
11.606
11.570
11.721
12.161
11.805
11.586
11.521
11.809
11.785
11.988
11.529
11.576
11.898
11.654
11.681
11.526
11.628
11.766
11.519
11.640
11.739
11.427
11.732
11.738
11.526
11.409
11.499
11.741
11.682
11.609
11.694
11.757
11.605
11.640
11.812
11.939
11.799
12.105
11.628
11.541
11.686
11.848
11.566
11.513
11.691
11.611
11.903
11.756
11.535
11.548
11.992
11.542
11.561
11.927
11.590
11.592
11.851
11.517
11.592
11.632
11.616
12.193
11.675
11.559
11.952
11.794
11.946
12.117
11.568
11.688
11.551
11.890
11.790
11.761
11.710
11.542
11.532
11.705
11.685
11.831
11.555
11.933
11.963
11.515
11.662
11.619
11.649
11.552
11.752
11.789
11.691
11.449
11.428
11.682
11.618
11.743
11.679
11.738
11.437
11.568
11.863
11.535
11.680
11.787
11.869
11.588
11.402
11.948
11.537
11.637
11.904
11.741
11.724
11.831
11.917
11.557
11.500
11.641
11.604
11.460
11.702
11.612
11.483
11.940
11.687
11.902
11.560
11.468
11.565
12.012
11.896
11.550
11.793
11.456
11.590
11.709
11.530
11.677
11.667
11.754
11.879
11.898
11.499
11.530
11.592
11.738
11.720
11.967
11.720
11.692
11.990
11.784
11.506
11.739
11.497
11.802
11.837
11.506
11.594
11.656
11.631
11.902
11.467
11.899
11.554
11.471
11.825
11.520
11.838
11.588
11.540
11.778
11.538
11.608
11.709
11.444
11.492
11.711
11.815
11.386
11.509
11.527
11.448
11.752
11.530
11.734
11.482
11.659
11.764
11.533
11.578
11.540
11.591
11.742
11.705
11.770
11.554
11.548
11.624
11.666
11.614
11.868
11.864
11.687
11.806
11.745
11.647
12.077
11.530
11.625
11.507
11.368
11.593
11.603
11.453
11.711
11.628
11.804
11.828
11.657
11.850
11.924
11.688
11.989
11.483
11.809
11.596
11.550
11.448
11.632
11.497
11.582
11.639
11.553
11.657
11.523
11.578
11.675
11.875
11.780
11.796
11.474
11.696
11.801
11.590
11.397
11.872
11.688
12.116
11.714
11.876
11.860
11.480
11.834
11.675
11.452
11.573
11.608
11.523
11.856
11.620
11.575
11.893
11.494
11.692
11.619
11.639
11.814
11.588
11.942
11.608
11.872
11.490
11.703
11.659
11.496
11.718
11.586
11.653
11.453
11.947
11.642
11.592
11.566
11.734
11.828
11.666
11.615
11.486
11.726
11.696
11.612
11.464
11.702
11.543
11.645
11.618
11.718
11.693
11.673
11.523
11.447
11.945
11.751
11.540
11.757
11.597
11.621
11.734
12.054
11.675
11.675
11.532
11.530
11.620
11.463
11.561
11.805
11.393
11.558
11.527
11.776
11.602
11.811
11.588
12.046
11.796
11.498
11.993
11.726
11.555
11.719
11.611
11.596
11.683
11.570
11.747
11.782
11.804
11.701
11.551
12.095
11.632
11.737
11.578
11.549
11.463
11.824
11.543
11.639
11.510
11.590
11.541
11.746
11.484
11.558
11.493
11.451
11.440
11.673
11.854
11.637
11.500
11.616
11.661
11.569
11.468
11.568
11.613
11.641
11.804
11.597
11.720
11.649
11.793
11.680
11.601
11.954
11.602
11.449
11.430
11.458
11.806
11.546
11.481
11.529
11.942
11.717
11.502
11.803
11.526
11.571
11.726
11.695
11.630
11.436
11.619
11.544
11.595
11.638
11.639
11.861
11.533
11.730
11.708
11.529
11.481
11.615
11.832
11.568
11.589
11.448
11.552
11.565
11.614
11.407
11.593
11.688
11.518
11.688
11.465
11.688
11.676
11.809
11.516
11.405
11.562
11.596
11.429
11.824
11.580
11.742
11.408
11.636
11.580
11.581
11.732
11.573
11.850
11.498
11.372
11.647
11.546
11.717
11.685
11.611
11.887
11.929
11.757
11.547
11.547
11.583
11.582
11.505
11.538
11.585
11.481
11.732
11.686
11.867
11.652
11.518
11.626
11.532
11.527
11.599
11.599
11.510
11.587
11.446
11.678
11.650
11.575
11.731
11.623
11.864
11.688
11.561
11.590
11.625
11.416
11.802
11.682
11.885
11.897
11.949
11.735
11.825
11.482
11.634
11.679
11.470
11.571
11.460
11.544
11.578
11.621
11.691
11.739
11.746
11.869
11.736
11.701
11.590
11.634
11.895
11.478
11.673
11.879
11.685
11.641
11.553
11.938
11.692
11.980
11.564
11.631
11.422
11.493
11.795
11.647
11.499
11.642
11.763
11.716
11.757
11.860
11.817
11.821
11.581
11.573
11.662
11.508
11.455
11.690
11.613
11.457
11.613
11.549
11.726
11.710
11.847
11.994
11.599
11.679
11.558
11.558
11.588
11.711
11.606
11.708
11.529
11.525
12.087
11.475
11.432
11.616
11.608
11.656
11.737
11.647
11.661
11.538
11.523
11.656
11.776
12.009
11.495
11.802
11.549
11.602
11.656
11.697
11.654
11.744
11.744
11.926
11.731
11.874
11.848
11.627
11.543
11.550
11.558
11.634
11.446
11.575
11.577
11.568
11.509
11.568
11.668
11.440
11.664
11.839
11.718
11.565
11.737
11.465
12.025
11.529
11.661
11.644
11.937
11.867
11.924
11.453
11.584
11.519
11.675
11.528
11.389
11.589
11.919
11.542
11.550
11.638
11.643
11.595
12.022
11.640
11.499
11.632
11.477
11.523
11.674
11.505
11.648
11.464
11.554
11.730
11.517
11.519
11.586
11.807
11.797
11.756
11.511
11.825
11.595
11.545
11.701
11.502
11.927
11.593
11.810
11.543
11.577
11.500
11.630
11.567
11.653
11.688
11.521
11.443
11.766
11.924
11.505
11.586
11.681
11.775
11.460
11.714
11.840
11.675
11.624
11.781
11.658
11.884
11.802
11.484
11.722
11.729
11.750
11.609
11.665
11.641
11.591
11.665
11.715
11.577
11.871
11.791
11.641
11.565
11.480
11.682
11.679
11.676
11.600
11.539
11.750
11.495
11.994
11.660
11.520
11.495
11.632
11.648
11.603
11.701
11.613
11.528
11.735
11.443
11.545
11.547
11.638
11.632
11.557
11.862
11.570
11.769
11.891
11.925
11.606
11.738
12.124
11.615
11.633
11.621
11.842
11.548
11.586
11.578
11.945
11.411
11.678
11.639
11.434
12.319
11.662
11.649
11.517
11.489
11.979
11.552
11.760
11.700
11.516
11.567
11.721
11.878
11.716
11.825
11.572
11.570
11.406
11.658
11.523
11.605
11.755
11.533
11.874
11.712
11.595
11.673
11.843
11.614
11.592
11.785
11.778
11.806
11.672
11.447
11.615
11.799
11.647
11.906
11.889
11.816
11.717
11.658
11.484
11.691
11.634
11.498
11.609
11.721
11.593
11.783
11.781
11.625
11.726
11.599
11.850
11.647
11.766
12.005
11.566
11.702
11.618
11.556
11.749
11.550
11.780
12.166
11.533
11.605
11.843
11.537
11.597
11.559
11.587
11.563
11.764
11.506
11.742
11.741
11.605
11.643
11.517
11.416
11.489
11.741
11.486
11.941
11.856
11.536
11.542
11.726
11.585
11.761
11.494
11.736
11.580
11.824
11.645
11.626
11.587
11.751
11.613
11.626
11.908
11.603
11.495
11.492
11.678
11.752
12.106
11.679
11.474
11.536
11.656
11.698
11.460
11.628
11.552
11.689
11.580
11.775
11.629
11.794
11.524
11.518
11.428
11.699
11.931
11.767
11.830
11.679
11.693
11.463
11.578
11.388
11.663
11.457
11.559
11.893
11.717
12.174
11.601
11.798
11.625
11.843
11.820
11.808
11.604
11.729
11.554
11.874
11.598
11.607
11.506
11.619
11.566
11.573
11.660
11.684
11.462
11.755
11.583
11.575
11.620
11.449
11.723
11.505
11.999
11.631
11.606
11.800
11.579
11.404
11.569
12.096
11.665
11.611
11.584
11.774
11.854
11.759
11.493
11.958
11.888
11.712
11.856
12.059
11.488
11.563
11.648
11.770
11.871
11.702
11.504
11.588
11.621
11.661
11.499
11.551
11.533
11.605
11.524
11.969
11.581
11.638
11.900
11.608
11.544
11.751
11.788
11.682
11.754
11.727
11.622
11.538
11.412
11.689
11.787
11.610
11.488
11.594
11.751
11.683
11.592
11.861
11.634
11.556
11.708
11.621
11.883
11.550
11.624
12.014
11.757
11.736
11.444
11.503
11.769
11.552
11.676
11.534
11.591
11.802
11.716
11.594
11.643
11.632
11.617
11.801
11.482
11.672
11.609
11.646
11.677
11.474
11.629
11.651
11.958
11.621
11.856
11.690
11.634
11.597
11.653
11.518
11.558
11.505
11.544
11.701
11.653
11.815
11.674
11.701
11.512
11.709
11.739
11.671
11.559
11.716
11.714
11.636
11.521
11.901
11.753
11.638
11.833
11.607
11.705
11.545
11.739
11.676
11.773
11.633
11.730
11.529
11.702
11.491
11.510
11.438
11.537
11.665
11.879
11.476
11.638
11.498
11.642
11.540
11.663
11.671
11.807
11.499
11.474
11.618
11.716
11.482
11.668
11.497
11.534
11.510
11.635
11.663
11.662
11.440
11.599
11.434
11.734
11.414
11.545
11.659
11.639
11.852
11.720
11.713
11.819
11.517
11.465
11.726
11.635
11.624
11.527
11.754
11.902
11.640
11.494
11.524
11.559
11.705
11.644
11.989
11.548
11.734
11.760
11.946
11.618
11.838
11.469
11.852
11.859
11.567
11.897
11.521
11.498
11.690
11.438
11.555
11.467
11.547
11.473
11.688
11.697
11.579
11.656
11.758
11.815
11.988
11.657
11.510
11.559
11.496
11.525
11.742
11.701
11.745
11.618
11.466
11.484
11.956
11.885
11.586
11.829
11.448
11.582
11.647
11.474
11.427
11.510
11.550
11.537
11.449
11.693
11.657
11.797
11.660
11.690
11.744
11.565
11.441
11.801
11.696
12.103
11.706
11.487
11.524
11.913
11.733
11.593
11.475
11.975
11.640
11.747
11.763
11.702
11.533
11.404
11.681
11.798
11.593
11.545
11.567
11.578
11.818
11.502
11.678
11.597
11.524
11.569
11.852
11.529
11.873
11.784
11.978
11.929
11.383
11.695
11.658
11.657
11.633
11.602
11.644
11.918
11.731
11.457
11.587
11.576
12.358
11.555
11.690
11.705
11.703
11.968
11.764
11.690
11.535
11.493
11.520
11.453
11.748
11.666
11.639
11.747
11.952
11.674
11.660
11.627
11.460
11.500
11.750
11.538
11.656
11.800
11.826
11.702
11.684
11.892
11.688
11.584
11.523
11.615
11.679
11.635
11.840
11.621
11.481
11.563
11.592
11.489
11.656
11.818
11.656
11.626
11.604
11.732
11.568
11.700
11.749
11.444
11.480
11.609
11.494
11.680
11.689
11.631
11.714
11.616
11.610
11.597
11.586
11.652
12.092
11.943
11.540
11.512
11.790
11.808
11.600
11.736
11.831
11.472
11.501
11.448
11.581
11.684
11.694
11.625
11.892
11.611
11.678
11.534
11.704
11.815
11.751
11.635
11.634
11.716
11.676
11.453
11.713
11.579
11.797
11.799
11.951
11.993
11.639
11.572
11.481
11.482
11.816
11.824
11.709
11.746
11.556
11.623
11.540
11.754
11.632
11.611
11.759
11.620
11.752
11.790
11.546
11.724
12.054
11.656
11.512
11.676
11.468
11.659
11.717
11.620
11.664
11.498
11.697
11.715
11.637
11.980
11.602
11.497
11.626
11.617
11.483
11.679
11.510
11.820
11.555
11.705
11.791
11.749
11.665
11.867
11.560
11.475
11.657
11.777
11.588
11.959
11.617
11.476
11.684
11.815
11.756
11.681
11.969
12.016
11.846
11.783
11.552
11.612
11.541
11.509
11.474
11.942
11.643
11.833
11.465
11.433
11.492
11.578
11.494
12.022
11.592
11.488
11.711
11.621
11.642
11.598
11.805
11.672
11.448
11.608
11.610
11.753
11.635
11.654
11.732
11.667
11.692
11.818
11.655
11.583
11.563
11.503
11.753
11.650
11.486
11.563
11.665
11.662
11.580
11.829
11.467
11.494
11.778
11.824
11.566
11.459
11.517
11.605
11.543
11.724
11.637
11.757
11.768
12.071
11.612
11.742
11.460
11.627
11.427
11.768
11.622
11.490
11.570
11.489
11.432
11.705
11.629
11.708
11.757
11.699
11.561
11.680
11.553
11.637
11.654
11.651
11.580
11.649
11.626
11.772
11.628
11.756
11.495
11.688
11.518
11.764
11.818
11.558
11.672
11.723
11.851
11.719
11.516
11.761
11.562
11.619
11.650
11.569
11.605
11.714
11.866
11.652
11.486
11.575
11.727
11.629
11.592
11.529
11.552
11.594
11.506
11.634
11.553
11.738
11.551
11.477
11.662
11.754
11.715
11.559
11.795
11.616
11.715
11.896
11.925
11.622
11.728
11.784
11.613
11.445
11.756
11.882
11.546
11.480
11.596
11.683
11.684
12.271
11.511
11.571
11.658
11.729
11.582
11.757
11.565
11.608
11.596
11.464
11.790
11.760
11.609
11.727
11.734
11.942
11.920
11.712
11.589
11.456
11.907
11.524
11.774
11.741
11.427
11.679
11.644
11.644
11.830
11.824
11.501
11.872
11.856
11.737
11.431
11.609
11.425
11.696
11.838
11.719
11.606
11.610
11.502
11.845
11.475
11.841
11.764
11.791
11.613
11.584
11.604
11.672
11.543
11.744
11.743
11.695
11.464
11.786
11.755
11.739
11.735
11.633
11.705
11.650
11.845
11.827
11.897
11.521
11.617
11.540
11.591
11.761
11.553
11.633
11.706
11.569
11.595
11.623
11.542
11.785
11.661
11.604
11.761
11.917
11.943
11.629
11.958
11.778
11.593
11.749
11.590
11.560
11.731
11.950
11.515
11.657
11.493
11.368
11.583
11.459
11.538
11.949
11.646
11.643
11.508
11.472
11.697
11.773
11.442
11.605
11.393
11.758
11.917
11.633
11.592
11.980
11.572
11.534
11.468
11.790
11.582
11.609
11.667
11.498
11.999
11.589
11.574
11.451
11.449
11.741
11.731
11.567
11.959
11.844
11.522
11.574
11.686
11.722
11.572
11.446
11.755
11.477
11.711
11.727
11.567
11.626
11.766
11.698
11.898
11.826
11.495
11.520
11.914
11.492
11.791
11.580
11.601
11.864
12.019
11.519
11.732
11.685
11.502
11.967
11.482
11.652
11.639
11.725
11.799
11.587
11.612
11.620
11.530
11.682
11.722
11.470
11.527
11.607
11.424
11.769
11.663
11.472
11.517
11.559
11.671
11.648
11.652
11.641
11.663
11.541
11.522
11.647
11.551
11.482
11.978
11.677
11.794
11.785
11.651
11.474
11.748
11.752
11.582
11.585
11.701
11.682
11.641
11.489
11.597
11.707
11.549
11.489
11.473
11.576
11.566
11.797
11.512
11.498
11.597
11.707
11.769
11.773
11.495
11.970
11.486
11.720
11.649
11.823
11.472
11.734
11.822
11.626
11.584
11.569
11.660
11.542
11.696
11.628
11.647
11.567
11.498
11.458
11.785
11.585
11.776
11.799
11.413
11.507
11.888
11.551
11.648
11.594
11.582
11.635
11.598
11.734
11.455
11.491
11.609
11.509
11.509
11.757
11.367
11.706
11.664
11.582
11.731
11.551
11.420
11.461
11.727
11.818
11.630
11.583
11.662
11.755
11.821
11.686
11.576
11.633
11.535
11.809
11.452
11.718
11.930
11.645
11.703
11.810
11.764
11.657
11.538
11.597
11.462
11.798
11.668
11.702
11.519
11.646
11.600
12.014
11.724
11.651
11.678
11.875
11.645
11.745
11.728
11.782
11.668
11.534
11.757
11.606
11.568
11.628
11.723
11.888
11.611
11.680
11.698
11.657
11.486
11.881
11.538
11.685
11.533
11.605
11.580
11.933
11.795
11.568
11.563
11.617
11.764
11.571
11.562
11.663
11.864
11.486
11.573
11.731
11.493
11.915
11.466
11.463
11.571
11.763
11.760
11.659
11.757
11.953
11.559
11.796
11.522
11.562
11.479
11.820
11.660
11.961
11.367
11.711
11.729
11.547
11.550
11.507
11.710
11.601
11.386
11.779
11.661
11.828
11.707
11.471
11.540
11.550
11.505
11.749
11.581
11.476
11.695
11.644
11.584
11.710
11.453
11.608
11.652
11.581
11.579
11.849
11.627
12.098
11.618
11.530
11.621
11.546
11.879
11.782
11.588
11.823
11.501
11.829
11.476
11.630
11.565
11.584
11.515
11.668
11.712
11.865
11.699
11.834
11.500
11.454
11.538
11.877
11.707
11.627
11.728
12.017
11.596
11.485
11.620
11.862
11.711
11.549
11.653
11.666
11.607
11.572
11.617
11.921
11.873
11.720
11.755
11.861
11.492
11.434
11.598
11.538
11.641
11.591
11.534
11.862
11.642
11.551
11.574
11.564
11.583
11.636
11.536
11.561
11.506
11.602
12.020
11.601
11.750
11.643
11.521
11.603
11.649
11.621
11.810
11.454
11.592
11.574
11.640
11.562
11.747
11.455
11.665
11.706
11.686
11.681
11.673
11.757
11.806
11.456
11.752
12.057
11.736
11.622
11.656
11.723
11.655
11.664
11.605
11.502
11.567
11.544
11.745
11.736
11.555
11.496
11.501
11.560
11.715
11.772
11.585
11.690
11.615
11.567
11.665
11.435
11.811
11.728
11.482
11.901
11.648
11.632
11.992
11.625
11.604
11.690
11.811
11.673
11.709
11.584
11.636
11.497
11.882
12.105
11.558
11.490
11.517
11.674
11.827
11.771
11.510
11.443
11.550
11.611
11.901
11.574
11.673
11.707
11.540
11.577
11.544
11.657
11.801
11.716
11.486
11.817
11.716
12.003
11.410
11.571
11.447
11.876
11.575
11.707
11.541
11.552
11.726
11.513
11.823
11.578
11.411
11.782
11.883
11.633
11.449
11.496
11.551
11.831
11.511
11.667
11.701
11.730
11.511
11.643
11.564
11.476
11.694
11.565
11.781
11.537
11.546
11.759
11.745
11.565
11.610
11.417
11.682
11.682
11.535
11.524
11.565
11.568
11.405
11.770
11.839
11.681
11.773
11.656
11.665
11.642
11.767
11.846
11.604
11.611
11.491
11.839
11.596
11.771
11.438
11.466
11.602
11.497
12.073
11.571
11.603
11.813
11.609
11.739
11.793
11.675
12.031
11.715
11.617
11.600
11.474
11.694
11.594
11.468
11.677
11.592
11.561
11.834
11.641
11.851
11.717
11.752
11.469
11.764
11.601
11.749
11.559
11.844
12.030
11.706
11.581
11.554
11.537
11.450
11.628
11.547
12.044
11.755
11.664
11.741
11.640
11.617
11.681
11.658
11.851
11.593
11.882
11.680
12.046
11.572
11.604
11.459
11.981
11.822
11.925
11.766
11.889
11.557
11.638
11.541
11.976
11.681
11.618
11.658
11.741
11.485
11.741
11.656
11.621
11.832
11.606
11.534
11.700
11.626
11.547
11.645
11.801
11.560
11.692
11.757
11.590
11.656
11.663
11.569
11.564
11.826
11.808
11.492
11.562
11.678
11.910
11.550
11.437
11.465
11.703
11.830
11.822
11.524
11.576
11.517
11.563
11.603
11.508
11.649
11.558
11.662
11.960
11.542
11.722
11.873
11.618
11.512
11.567
11.772
11.661
11.759
11.568
11.539
11.925
11.543
11.730
11.642
11.883
11.758
11.555
11.629
11.636
11.611
11.703
11.655
11.799
11.706
11.501
11.576
11.699
11.874
11.704
11.744
11.526
11.581
11.513
11.763
11.557
11.685
11.614
11.813
11.644
11.691
11.587
11.680
11.604
11.582
11.800
11.507
11.515
11.581
11.903
11.842
11.658
11.600
11.855
11.471
11.559
11.406
11.882
11.491
11.775
11.611
11.639
11.643
11.717
11.758
11.745
11.591
11.567
11.808
12.078
11.710
11.680
11.654
11.652
11.688
11.877
11.867
11.442
11.751
11.521
11.540
11.440
11.904
11.710
11.866
11.511
11.684
11.627
11.701
11.631
11.580
11.557
11.824
11.541
11.738
11.743
11.704
11.667
11.698
11.675
11.665
11.816
11.834
11.715
11.723
11.824
11.470
11.604
11.524
11.611
11.951
11.504
11.496
12.023
11.454
11.613
11.742
11.492
11.391
11.552
11.700
11.672
11.561
11.715
11.463
11.548
11.766
12.203
11.606
11.776
11.563
11.574
11.612
11.779
11.560
11.534
11.936
11.661
11.690
11.619
11.720
11.524
11.743
11.484
11.551
11.798
12.074
11.827
11.539
11.877
11.811
11.672
11.505
11.615
11.492
11.477
11.581
11.540
11.615
11.484
11.782
11.783
11.637
11.782
11.580
11.566
11.462
11.527
11.542
11.507
11.434
11.754
11.755
11.752
11.682
11.557
11.579
11.520
11.618
11.648
11.670
11.632
11.902
11.742
11.696
11.730
11.868
11.636
11.505
11.805
11.728
11.495
11.467
11.543
11.603
11.549
11.676
11.723
11.796
11.529
11.576
11.519
11.649
11.583
11.596
11.637
11.616
11.592
11.934
11.634
11.607
11.452
11.469
11.438
11.364
11.465
11.464
11.426
11.750
11.686
11.527
11.702
11.836
11.681
11.555
11.663
11.722
11.585
11.871
11.773
11.525
11.464
11.575
11.590
11.833
11.586
11.567
11.489
11.533
11.775
11.669
11.600
11.617
11.626
11.602
11.685
11.478
11.667
11.659
11.645
11.512
11.713
11.619
11.718
11.756
11.756
11.519
11.533
11.611
11.562
11.576
11.558
11.499
11.526
11.476
11.873
11.555
11.648
11.501
11.766
11.620
11.398
11.664
11.700
11.864
11.633
11.519
11.559
11.538
11.771
11.550
12.017
11.408
11.904
11.457
11.611
11.634
11.597
11.507
11.490
11.548
11.443
11.600
11.580
11.746
11.466
11.545
11.521
11.483
11.626
11.415
11.950
11.734
11.872
11.803
11.723
11.670
11.635
11.585
11.842
11.431
11.524
11.810
11.502
11.443
11.776
11.642
12.196
11.517
11.482
11.629
11.557
11.484
11.671
11.514
11.603
11.601
11.566
11.505
11.568
12.091
11.686
11.542
11.502
11.847
11.582
11.555
11.516
12.207
11.638
11.493
11.575
11.653
11.637
11.807
11.645
11.552
11.837
11.618
11.623
11.551
11.772
11.560
11.550
11.548
11.548
11.609
11.727
11.647
11.671
11.697
11.601
11.483
11.377
11.814
11.648
11.598
11.550
11.400
11.641
11.872
11.507
11.726
11.612
11.627
11.584
11.586
11.654
11.767
11.636
11.469
11.727
11.566
11.634
11.680
11.443
11.671
11.516
11.914
11.412
11.856
11.756
11.740
11.621
11.629
11.494
11.617
11.597
11.382
11.702
11.669
11.488
11.841
11.658
11.931
11.829
11.680
11.766
11.545
11.762
11.682
11.523
11.693
11.490
11.755
11.664
11.561
11.575
11.626
11.739
11.794
11.711
11.619
11.677
11.625
11.526
11.754
11.643
11.729
11.781
11.570
11.613
11.838
11.806
11.629
11.498
11.741
11.529
12.010
11.664
11.727
11.552
11.536
11.513
11.714
11.905
11.700
11.642
11.754
11.797
11.674
11.635
11.885
11.486
11.664
12.135
11.742
12.088
11.661
11.482
11.442
11.556
11.562
11.688
11.597
11.688
11.627
11.892
11.530
11.550
11.832
11.720
11.526
11.558
11.508
11.924
11.521
11.582
11.618
11.691
11.651
12.043
11.622
12.094
11.545
11.627
11.897
11.481
11.671
11.681
11.687
11.916
11.597
11.889
11.500
11.511
11.520
11.526
11.671
11.847
11.652
11.816
11.552
11.723
11.671
11.719
11.518
11.606
11.680
11.465
11.546
11.921
11.863
11.785
11.568
11.564
11.623
11.967
11.904
11.681
11.660
11.573
11.738
11.709
11.536
11.931
11.611
11.599
11.592
11.771
11.593
11.473
11.463
11.548
11.745
11.786
11.549
11.657
11.867
11.438
11.383
11.639
11.509
11.573
11.830
11.745
11.451
11.741
11.527
11.536
11.708
11.504
11.616
11.687
11.873
11.578
11.703
11.638
11.929
12.020
11.669
11.759
11.738
11.437
11.864
11.804
11.575
11.777
11.518
11.678
11.631
11.742
11.569
11.513
11.638
11.645
11.570
11.705
11.502
11.521
11.511
11.619
11.597
11.699
11.923
11.539
11.548
11.455
11.632
11.807
11.548
11.762
11.788
11.744
11.576
11.757
11.582
12.101
11.557
11.600
11.627
11.743
11.506
11.705
11.714
11.765
11.574
11.860
11.500
11.472
11.475
11.463
11.727
11.696
11.712
11.539
11.546
11.442
11.762
11.542
11.517
11.631
11.414
11.546
11.590
11.530
11.425
11.510
11.388
11.541
11.492
11.504
11.481
11.377
11.636
11.657
11.598
11.861
11.650
11.826
11.687
11.639
11.606
11.601
11.593
11.517
11.371
11.568
11.532
11.597
11.532
11.536
11.732
11.625
11.517
11.452
11.577
11.614
11.382
11.631
11.531
11.964
11.934
11.716
11.507
11.575
11.674
11.640
11.620
11.857
11.681
11.943
11.646
11.618
11.865
11.563
11.511
11.738
12.088
11.855
11.869
11.654
11.749
11.737
11.923
11.396
11.653
11.676
11.695
11.702
11.761
11.598
11.489
11.878
11.401
11.833
11.602
11.567
11.995
11.487
11.590
11.598
11.839
11.582
11.711
11.627
11.642
11.607
11.656
11.457
11.568
11.401
11.733
12.063
11.921
11.631
11.656
11.686
11.542
11.625
11.734
11.969
11.777
11.846
11.596
11.842
11.550
11.460
11.599
11.665
12.453
11.682
11.726
11.675
11.874
11.782
11.749
11.559
11.928
11.769
11.677
11.789
11.583
11.770
11.775
11.527
11.663
11.628
11.506
11.698
11.533
12.111
11.592
11.524
11.913
11.649
11.803
11.414
11.956
11.743
11.714
11.586
11.870
11.734
11.823
11.725
11.993
11.632
11.818
11.581
11.569
11.456
11.706
11.991
11.986
11.784
11.497
11.543
11.703
11.719
11.964
11.645
11.494
11.740
11.789
11.396
11.553
11.631
11.704
11.584
11.701
11.643
11.505
11.732
11.480
11.806
11.505
11.910
11.599
11.702
11.624
11.537
11.716
11.482
11.638
11.496
11.622
11.633
11.648
11.503
11.675
11.609
11.684
11.742
11.714
11.660
11.500
11.614
11.522
11.810
11.646
11.673
11.478
11.523
12.102
11.541
11.791
11.772
11.531
11.498
11.417
11.770
11.888
11.689
11.518
11.430
11.575
11.689
11.436
11.716
11.439
11.869
11.864
11.480
11.749
11.462
11.505
11.819
11.492
11.535
11.703
11.697
11.749
12.027
11.626
11.851
11.617
11.534
11.957
11.565
11.567
11.555
11.730
11.632
11.710
11.706
11.580
11.799
11.597
11.786
11.581
11.498
11.443
11.361
11.538
11.855
11.660
11.450
11.557
11.853
11.591
11.745
11.661
12.336
11.503
11.465
11.669
11.701
11.753
11.655
11.702
11.574
11.647
11.501
11.847
11.565
11.521
11.543
11.944
11.640
11.686
11.670
11.719
11.727
11.545
11.744
11.448
11.763
11.444
11.756
11.428
11.527
11.583
11.531
11.622
11.607
11.636
11.705
11.519
11.520
11.793
11.593
11.664
11.655
11.497
11.499
11.847
11.509
11.669
11.568
11.774
11.551
11.550
11.461
11.630
11.436
11.635
11.464
11.808
11.719
11.957
11.622
12.094
11.823
11.714
11.788
11.694
11.795
11.719
11.604
11.886
11.476
11.660
11.658
11.540
11.446
11.689
11.680
11.416
11.707
12.149
11.764
11.520
11.529
11.477
11.770
11.587
11.772
11.479
11.667
11.609
11.745
11.736
11.506
11.710
11.545
11.458
11.585
11.487
11.583
11.712
11.586
11.803
11.435
11.709
11.537
11.416
11.804
11.579
11.684
11.630
11.541
11.584
11.894
11.842
11.538
11.643
11.579
11.646
11.679
11.738
11.770
11.514
11.593
11.552
12.005
11.696
11.637
11.804
11.702
11.653
11.406
11.754
11.743
11.583
11.518
11.603
11.588
11.513
11.971
11.557
11.608
11.662
11.598
11.711
11.642
11.692
11.743
11.498
11.512
11.454
11.682
11.538
11.679
11.837
11.837
11.477
11.580
11.537
11.757
11.546
11.519
11.498
11.625
11.600
11.714
11.710
11.761
11.560
11.621
11.782
11.700
11.755
11.664
11.549
11.796
11.572
11.433
11.515
11.619
11.615
11.784
11.807
11.470
11.589
11.708
11.551
11.472
11.650
11.663
11.966
11.538
11.877
11.627
11.867
11.735
11.823
11.530
11.752
11.522
11.554
11.549
11.545
11.616
11.694
11.587
11.629
11.457
11.733
11.488
11.522
11.736
11.675
11.736
11.460
11.585
11.715
11.621
11.449
11.678
11.752
11.582
11.646
11.561
11.543
11.966
11.844
11.578
11.724
11.519
11.513
11.519
11.547
11.517
11.784
11.512
11.492
11.668
11.481
11.624
11.709
11.561
11.448
11.472
11.459
11.422
11.484
11.632
11.596
11.536
11.540
11.543
11.566
11.682
11.552
11.473
11.568
11.570
11.668
11.926
11.384
11.658
11.719
11.529
11.656
11.523
11.889
11.703
11.514
11.777
11.862
11.470
11.613
11.527
11.637
11.570
11.819
11.562
11.861
12.233
11.512
12.026
11.532
11.654
11.900
11.629
11.644
11.622
11.764
11.407
11.573
11.556
11.418
11.664
11.649
11.525
11.804
11.713
11.677
11.448
11.602
11.530
11.513
11.598
11.589
11.652
11.742
11.568
11.648
11.664
11.518
11.588
11.743
11.571
11.737
11.721
11.601
11.571
11.503
11.588
11.628
11.546
11.957
11.720
11.943
11.866
11.497
11.725
11.503
11.773
11.580
11.624
11.451
11.545
11.594
11.606
11.619
11.978
11.541
11.558
11.631
11.442
11.666
11.816
11.499
11.800
11.459
11.579
11.891
11.674
11.740
11.753
11.534
11.627
11.607
11.749
11.530
11.803
11.687
11.758
11.807
11.530
11.672
11.622
11.665
11.559
11.562
11.716
11.732
11.778
11.814
11.827
11.460
11.530
11.714
12.047
11.557
11.536
11.750
11.727
11.675
11.911
11.737
11.595
11.606
11.635
11.626
11.714
11.683
11.653
11.651
11.473
11.441
11.522
11.594
11.550
11.533
11.645
11.760
11.544
11.815
11.840
11.527
11.593
11.805
11.572
11.625
11.805
11.571
11.640
11.570
11.477
12.119
11.560
11.738
11.512
11.597
11.606
11.656
11.764
11.786
11.694
11.711
11.831
11.595
11.918
11.855
11.707
11.689
11.577
11.566
11.593
11.571
11.509
11.577
11.625
11.724
11.685
11.546
11.722
11.598
11.535
11.556
11.844
11.819
11.531
11.577
11.597
11.863
11.700
11.743
11.579
12.042
11.532
11.634
11.745
11.694
11.656
11.651
11.675
11.511
11.513
11.519
11.820
11.439
11.607
11.529
11.554
11.591
11.521
11.470
11.519
11.484
11.517
11.817
11.708
11.479
11.475
11.888
11.570
11.611
11.511
11.637
11.755
11.542
11.618
11.858
11.707
11.512
11.743
11.426
11.614
11.500
11.608
11.615
11.641
11.524
11.813
11.804
11.440
11.721
11.542
11.918
11.603
11.836
11.588
11.503
11.703
11.502
11.802
11.605
11.895
11.635
11.671
11.841
11.878
11.628
11.603
11.496
11.633
11.584
11.669
11.728
11.726
11.654
11.727
11.713
11.682
11.806
11.592
12.083
11.509
11.675
11.818
11.786
11.592
11.926
11.798
11.763
11.822
11.501
11.627
11.501
11.556
11.761
11.526
12.264
11.577
11.636
11.776
11.522
11.760
11.650
11.606
11.789
11.638
11.718
11.605
11.590
11.671
11.659
11.583
11.629
11.410
11.589
11.807
11.600
11.971
11.705
11.539
11.461
11.668
11.536
11.614
11.549
11.817
11.519
11.880
11.490
11.488
11.600
11.672
11.804
11.471
11.662
11.784
11.444
11.845
11.545
11.622
11.638
11.460
11.624
11.675
11.585
11.549
11.500
11.849
11.365
11.585
11.534
11.618
11.535
11.642
11.396
11.585
11.469
11.714
11.526
11.783
11.765
11.600
11.405
12.094
11.544
11.983
11.682
11.744
11.729
11.650
11.452
11.502
11.546
11.628
11.820
11.747
11.744
11.568
11.558
11.511
11.545
11.536
11.640
11.830
11.735
11.393
11.602
11.791
11.874
11.975
11.803
11.524
11.548
11.607
11.570
11.665
11.488
11.599
11.819
12.069
11.529
11.776
11.691
11.547
11.843
12.214
11.563
12.010
11.665
11.798
11.635
11.425
11.438
11.763
11.846
11.582
11.681
11.679
11.953
11.769
11.593
11.684
11.592
11.544
11.686
11.791
11.770
11.605
11.642
11.681
11.749
11.710
11.543
11.488
11.610
11.938
11.756
11.760
12.005
11.492
11.722
11.633
11.502
11.561
11.486
11.806
11.678
11.680
11.535
11.602
11.652
11.610
11.749
11.532
11.501
11.622
11.682
11.344
11.651
11.453
11.428
11.774
11.699
11.547
11.699
11.578
11.628
11.907
11.622
11.480
11.673
11.848
11.490
11.559
11.751
11.516
11.612
11.955
11.602
11.751
11.918
11.787
11.709
11.532
11.401
11.523
11.772
11.512
11.644
11.681
11.498
11.462
11.470
11.558
11.655
11.690
11.631
11.568
11.541
11.473
11.379
11.464
11.763
11.740
11.614
11.592
11.421
11.960
11.464
11.407
11.559
11.946
11.848
11.574
11.826
11.739
11.645
11.716
11.681
11.569
11.896
11.630
11.685
11.786
11.803
11.718
11.733
11.685
11.531
11.511
11.501
11.489
12.251
11.665
11.486
11.535
11.521
11.914
11.915
12.053
11.440
11.408
11.631
11.879
11.537
11.589
11.594
11.566
11.824
11.689
11.881
11.469
11.625
11.467
11.516
11.595
11.887
11.673
11.488
11.616
11.644
12.006
11.515
11.894
11.900
11.755
11.675
11.527
11.596
11.613
11.603
11.745
11.542
11.742
11.646
11.596
11.653
11.719
11.691
11.824
11.520
11.591
11.446
11.495
11.583
11.578
12.022
11.688
11.627
11.619
11.505
11.576
11.653
11.718
11.781
11.522
11.656
11.886
11.578
11.788
11.536
11.682
11.595
11.608
11.539
11.745
11.605
11.466
11.619
11.728
12.120
11.819
11.690
12.008
12.043
11.856
11.847
11.855
11.821
11.886
11.710
11.563
11.475
11.637
11.690
11.581
11.492
11.488
11.571
11.468
11.504
11.511
11.776
11.784
11.502
11.422
11.679
11.621
11.808
11.576
11.737
11.741
11.551
11.492
11.823
11.719
11.602
11.559
11.558
11.714
11.707
11.590
11.501
11.736
11.493
11.621
11.804
11.589
11.521
11.493
11.518
11.664
11.476
11.638
11.429
11.639
11.732
12.119
11.765
11.788
11.587
11.696
11.622
11.685
11.613
11.759
11.672
11.648
11.784
11.593
11.746
11.962
11.692
11.702
11.619
11.640
11.660
11.599
11.754
11.516
11.554
11.688
11.504
11.547
11.521
11.459
11.506
11.861
11.798
11.580
11.566
11.563
11.670
11.624
11.546
11.691
11.692
11.928
11.530
11.489
11.543
11.660
11.793
11.517
11.487
11.649
11.833
11.672
11.508
11.906
11.565
11.629
11.796
11.529
11.449
11.721
11.605
11.585
11.596
11.650
11.613
11.645
11.636
11.547
11.724
11.410
11.481
11.895
11.678
11.695
11.675
11.603
11.748
12.025
11.816
11.628
11.620
11.504
11.487
11.680
11.547
11.761
11.673
11.737
12.029
11.562
11.557
11.746
11.447
11.671
11.634
11.509
11.454
11.579
11.896
11.780
11.825
11.484
11.680
11.751
11.592
11.727
11.690
11.501
11.505
11.649
11.916
11.528
11.386
11.614
11.609
12.276
11.537
11.395
11.506
11.862
11.610
11.709
11.643
11.587
11.760
11.659
11.570
11.604
11.795
11.628
11.569
11.499
11.827
11.810
11.595
11.563
11.637
11.772
11.716
11.652
11.608
11.617
11.617
11.786
11.662
11.585
11.594
11.867
11.682
11.631
11.634
11.936
11.417
11.601
11.818
11.781
11.505
11.595
11.644
11.512
11.695
11.442
11.991
11.720
11.556
11.818
11.470
11.749
11.662
11.566
11.516
11.442
11.414
12.030
11.413
11.536
11.587
11.774
11.540
11.533
11.608
11.533
11.499
11.628
11.702
11.825
11.722
11.623
11.666
11.549
12.261
11.690
11.552
11.656
11.603
11.754
11.647
11.709
11.676
11.492
11.656
11.695
11.662
11.610
12.134
11.525
11.734
11.767
11.596
11.764
11.459
11.746
11.438
11.459
11.697
11.558
11.704
11.673
11.547
11.460
11.745
11.515
11.901
11.653
11.904
11.594
11.504
11.876
11.437
11.514
11.636
11.899
11.617
11.745
11.572
11.736
11.638
12.122
11.669
11.504
11.442
11.740
11.611
11.799
11.781
11.569
11.534
11.565
11.592
11.521
11.489
11.382
11.671
11.711
11.644
11.576
11.605
11.767
11.767
11.558
11.459
11.526
11.796
11.985
11.700
11.676
11.564
11.629
11.994
11.602
11.804
11.763
11.468
11.897
11.513
11.466
11.659
11.523
12.091
11.617
11.630
11.707
11.717
11.576
11.488
12.049
11.518
11.540
11.563
11.681
11.938
11.801
11.587
11.528
11.721
11.539
11.640
11.566
11.526
11.678
11.682
11.684
11.656
11.623
11.892
11.573
11.493
11.496
11.708
11.615
11.621
11.870
11.556
11.492
11.834
11.813
11.683
11.599
11.860
11.690
12.064
11.498
11.687
11.734
11.631
11.686
11.758
11.758
11.705
11.481
11.778
11.863
11.629
11.685
11.562
11.659
11.761
11.728
11.909
11.600
11.819
11.650
11.682
11.641
11.643
11.659
11.879
11.728
11.681
11.540
11.780
11.691
11.479
11.496
11.931
11.722
11.553
11.670
11.514
11.692
11.902
11.761
11.475
11.663
11.580
11.568
11.489
11.631
11.587
11.526
11.510
11.893
11.443
11.644
11.500
11.816
11.905
11.624
11.869
11.577
11.528
11.893
11.502
11.433
11.511
11.861
11.617
11.805
11.650
11.556
11.626
11.475
11.432
11.450
11.531
11.488
11.780
11.651
11.549
11.662
11.586
11.442
11.788
11.691
11.663
11.849
11.632
11.920
11.482
11.396
11.532
11.671
11.786
11.915
11.513
11.546
11.769
11.669
11.409
11.703
11.758
11.639
11.571
11.549
11.678
11.808
11.654
11.948
11.410
11.481
11.638
11.563
11.761
11.751
11.423
11.550
11.799
11.597
11.908
11.761
11.934
11.601
11.598
11.510
11.464
11.645
11.705
11.694
11.610
11.877
11.871
11.538
11.702
11.764
11.885
11.591
11.816
11.512
11.629
11.731
11.626
11.782
11.612
11.807
11.614
11.786
11.699
11.582
11.522
11.744
11.680
11.657
11.574
11.641
11.700
11.723
11.788
11.795
11.500
11.684
11.562
11.657
11.369
11.807
11.524
11.645
11.746
11.570
11.522
11.708
11.649
11.628
11.540
12.109
11.697
11.484
11.623
11.705
11.734
11.793
11.652
11.709
11.937
11.560
11.511
11.819
11.579
11.759
11.551
11.553
11.520
11.709
11.773
11.799
11.592
11.813
11.479
11.625
11.541
11.508
11.913
11.715
11.469
11.736
11.566
11.539
11.687
11.752
11.713
11.545
11.415
11.771
11.457
11.617
11.663
11.751
11.515
11.544
11.552
11.661
11.817
11.533
11.644
11.628
11.513
11.528
11.509
11.594
11.467
11.541
11.643
11.633
11.551
11.565
11.540
11.569
11.573
11.586
11.597
11.620
11.662
11.763
11.428
11.806
11.564
11.532
11.723
11.715
11.562
11.526
11.784
11.589
11.878
11.583
11.743
11.929
11.600
11.894
11.653
11.487
11.577
11.429
11.587
11.685
11.833
11.445
11.455
11.475
11.657
11.618
11.680
11.774
11.997
12.059
11.750
11.789
11.561
11.657
11.634
11.588
12.099
11.706
11.582
11.542
11.443
11.679
11.510
11.698
11.887
11.749
11.556
11.600
11.806
11.875
11.538
11.747
11.709
11.737
11.597
11.834
11.962
11.506
11.581
11.820
11.490
11.425
11.513
11.850
11.616
11.784
11.597
11.836
11.708
11.746
11.554
11.782
11.927
11.637
11.533
11.845
11.680
11.789
11.612
11.727
11.900
11.740
11.665
11.601
11.515
11.766
11.812
11.792
11.714
11.558
11.461
11.560
11.780
11.473
11.423
11.923
11.771
11.716
11.728
11.727
11.584
11.700
11.725
11.460
11.668
11.645
11.733
11.460
11.630
11.391
11.470
11.929
11.566
11.652
12.071
11.437
11.757
11.788
11.707
11.694
11.396
11.650
11.806
11.916
11.839
11.497
11.651
11.658
11.634
11.553
11.724
11.586
11.571
11.448
11.635
11.617
11.855
11.655
11.785
11.666
11.653
11.676
11.650
11.624
12.065
11.578
11.743
11.938
11.561
11.524
11.489
12.170
11.635
11.437
11.469
11.984
11.516
11.751
11.635
11.956
11.529
11.783
11.644
11.486
11.491
11.588
11.612
11.875
11.605
11.734
11.804
11.482
11.490
11.691
11.684
11.462
11.539
11.627
12.132
11.736
11.579
11.552
11.550
11.486
11.612
11.556
11.679
11.710
11.733
11.535
11.490
11.575
11.645
11.449
11.910
11.553
11.748
11.476
11.761
11.589
11.855
11.534
11.451
11.820
11.659
11.534
11.415
11.767
11.761
11.687
11.594
11.604
11.588
11.675
11.721
11.608
11.405
11.508
11.600
11.913
11.702
11.726
11.558
11.540
11.647
11.516
11.860
12.213
11.725
11.644
11.729
11.598
11.772
11.584
11.656
11.543
11.525
11.407
11.778
11.722
11.569
11.579
11.776
11.583
11.801
11.726
11.525
11.592
11.650
11.559
11.460
11.777
11.920
11.872
11.663
11.640
11.593
11.497
11.848
11.771
11.888
11.433
11.698
11.480
11.752
11.470
11.428
11.635
11.693
11.501
11.534
11.559
11.812
11.624
11.789
11.671
11.702
11.556
11.718
11.679
11.680
11.606
11.687
11.812
11.757
11.635
11.567
11.689
11.511
11.481
11.622
11.593
11.625
11.823
11.574
11.955
11.590
11.527
11.625
11.746
11.544
11.589
11.467
11.588
11.521
11.810
11.652
11.718
11.779
11.970
11.676
11.628
11.734
11.836
11.871
11.475
11.477
11.496
11.846
11.704
11.654
11.861
11.698
11.726
11.692
11.522
11.550
11.888
11.611
11.634
11.958
11.510
11.697
11.835
11.775
11.548
11.910
11.524
11.785
11.626
11.983
11.471
11.499
11.524
11.636
11.564
11.523
11.809
11.626
11.806
11.516
11.572
11.808
11.581
11.715
11.519
11.686
11.651
11.705
11.419
11.554
11.698
11.553
11.747
11.511
11.551
11.611
11.763
11.770
11.462
11.429
11.528
11.628
11.873
11.745
11.590
11.591
11.514
11.750
11.627
11.656
11.429
11.615
11.633
11.398
11.488
11.734
11.633
11.560
11.748
11.815
11.507
11.709
11.700
11.551
11.783
11.660
11.681
11.687
11.736
11.610
11.422
11.804
11.741
11.785
11.459
11.458
11.517
11.602
11.622
11.613
11.744
11.959
11.611
11.734
11.707
11.439
11.742
11.608
11.539
11.607
11.551
11.551
11.864
11.895
12.053
11.571
11.748
11.566
11.533
11.795
11.603
11.701
11.803
11.730
11.416
11.568
11.728
11.659
11.710
11.593
11.597
11.602
11.791
11.859
11.874
11.771
11.490
11.650
11.645
11.712
11.502
11.931
11.679
11.540
11.677
11.697
11.651
11.508
11.523
11.512
11.520
11.726
11.570
11.940
11.684
11.853
11.789
11.520
11.945
11.594
11.815
11.618
11.534
11.377
11.496
11.631
11.561
11.562
11.725
11.826
11.542
11.732
11.561
11.522
11.583
11.652
11.650
11.672
11.663
11.527
11.641
11.813
11.650
11.548
11.808
11.539
11.680
11.419
11.522
11.676
11.642
11.756
11.655
11.503
11.819
11.540
11.741
11.682
11.770
11.654
11.732
11.962
11.549
11.702
11.450
11.604
11.860
11.526
11.517
11.576
11.517
11.496
11.536
11.805
11.591
11.873
11.655
11.679
11.602
11.676
11.623
11.785
11.591
11.602
11.693
11.461
11.558
11.629
11.796
11.702
11.910
11.688
11.802
11.668
11.616
11.849
11.624
11.896
11.588
11.484
11.816
11.698
11.778
11.688
11.807
11.856
11.511
11.566
11.837
11.605
11.774
11.780
11.795
11.745
11.908
11.565
11.626
11.774
11.711
11.639
11.893
11.537
11.779
12.182
11.820
11.780
11.505
11.486
11.631
11.540
11.697
11.495
11.626
11.665
11.570
11.665
11.438
11.571
11.489
11.785
11.652
11.511
11.668
11.887
11.526
11.597
11.547
11.603
11.645
11.473
11.694
11.485
11.598
11.635
11.926
11.436
11.926
11.631
11.893
11.674
11.476
11.629
11.486
11.445
11.878
11.493
11.573
11.541
12.142
11.656
11.562
11.734
11.470
11.461
11.479
11.623
11.590
11.619
11.454
11.499
11.757
11.713
11.529
11.767
12.024
11.600
11.525
11.417
11.475
12.052
11.885
11.720
11.750
11.857
11.665
11.994
11.510
11.492
11.524
11.423
11.803
11.429
11.761
11.659
11.724
11.707
11.754
11.699
11.457
11.745
12.189
11.761
11.548
11.813
11.517
11.696
11.556
11.663
11.595
11.707
11.566
11.840
12.076
11.664
11.799
11.679
11.932
11.772
11.650
11.735
11.738
11.584
11.563
11.812
11.556
11.855
11.881
11.813
11.676
11.410
11.613
11.518
11.911
11.752
11.491
11.837
11.582
11.685
11.839
11.571
11.643
11.566
11.648
11.643
11.506
11.720
11.739
11.753
11.492
11.881
11.550
11.603
11.618
11.563
11.571
11.450
11.701
11.603
11.713
11.657
11.757
11.640
11.631
11.973
11.811
11.526
11.447
11.782
11.622
11.958
11.678
11.646
11.753
11.663
11.647
11.521
11.564
11.591
11.622
11.693
11.956
11.457
11.596
11.818
11.550
11.522
11.649
11.560
11.896
11.633
11.608
11.691
11.699
11.480
12.018
11.620
11.905
11.567
12.030
11.723
11.852
11.629
11.785
11.795
11.509
11.644
11.558
11.435
11.954
11.597
11.729
11.645
11.942
11.835
11.782
11.976
11.792
11.568
11.868
11.620
11.780
11.473
11.498
11.546
11.479
11.666
11.507
11.578
11.594
11.858
11.539
11.568
11.768
11.737
12.026
11.569
11.640
11.509
11.637
12.025
11.988
11.541
11.497
11.740
11.834
11.584
11.519
11.736
11.398
11.585
11.743
11.664
11.611
11.718
11.889
11.592
11.695
11.436
11.875
11.656
11.630
11.511
11.847
11.468
11.504
12.084
11.732
11.733
11.482
11.616
11.665
11.571
11.572
11.584
11.569
11.990
11.549
11.562
11.580
11.511
11.495
11.567
11.570
11.488
11.793
11.702
11.445
11.627
11.674
11.682
11.563
11.680
11.477
11.633
11.883
11.593
12.056
11.494
11.613
11.777
11.907
11.748
11.466
11.535
11.483
11.482
11.766
11.845
11.620
11.672
11.541
11.594
11.513
11.667
12.050
11.826
11.549
11.725
11.725
11.578
11.499
11.479
11.628
11.698
11.626
11.583
11.727
11.601
11.611
11.573
11.729
11.511
11.473
11.474
11.829
11.563
11.915
11.517
11.728
11.633
11.617
11.822
11.970
11.807
11.643
11.629
11.518
11.912
11.631
11.793
11.598
11.688
11.808
11.541
11.527
11.614
11.684
11.861
11.527
11.856
11.614
11.510
11.607
11.729
11.484
12.170
11.924
11.549
11.761
11.468
11.603
11.968
11.640
11.765
11.677
11.515
11.473
11.690
11.724
11.535
11.627
11.665
11.728
11.919
11.759
11.672
11.492
11.422
11.581
11.543
11.836
11.471
11.540
12.012
11.820
11.655
11.581
11.379
11.614
11.682
11.620
11.607
11.776
11.875
11.742
11.664
11.743
11.615
11.734
11.771
11.642
11.494
11.685
12.146
11.747
11.579
11.668
11.802
11.662
11.449
11.840
11.591
11.558
11.400
11.931
11.741
11.737
11.662
11.494
11.571
11.565
11.483
11.461
11.515
11.816
11.841
11.676
11.490
11.658
11.880
11.494
11.462
11.552
11.586
12.028
11.618
11.674
11.484
11.699
11.764
12.060
11.717
11.697
11.601
11.937
11.632
11.471
11.665
11.663
12.005
11.863
11.707
11.845
11.544
11.662
11.533
11.890
11.736
11.507
11.484
11.710
11.527
11.496
11.656
11.489
11.534
11.735
11.917
11.648
11.661
11.681
11.441
11.567
11.974
11.536
11.458
11.778
11.642
11.551
11.967
12.040
11.655
11.723
11.542
12.113
11.467
11.903
11.565
11.758
11.733
11.700
11.530
11.590
11.538
11.474
11.693
11.423
11.522
11.416
11.531
11.598
11.613
11.678
11.570
11.448
11.587
11.676
11.798
11.498
11.723
11.779
11.564
11.730
12.161
11.405
11.732
11.540
11.947
11.622
11.669
11.628
11.465
11.547
11.615
11.824
11.561
11.647
11.573
11.786
11.513
11.752
11.744
11.641
11.733
11.627
11.676
11.535
12.089
11.667
11.534
11.514
11.873
11.507
11.787
11.602
11.691
11.530
11.781
11.724
11.650
11.699
11.414
11.492
11.720
11.586
11.820
11.525
11.469
11.696
11.767
11.935
11.614
11.701
11.842
11.793
11.679
11.791
11.886
11.767
11.599
11.729
11.867
11.613
11.592
11.613
11.635
11.465
11.487
11.535
11.594
11.589
11.557
11.592
11.689
11.861
11.597
11.498
12.032
11.412
11.702
11.535
11.666
11.701
11.523
12.123
11.768
11.946
11.597
11.481
11.559
11.635
11.545
11.690
11.550
11.632
11.646
11.604
11.470
11.566
11.505
11.533
11.581
11.770
11.831
11.735
11.464
11.656
11.573
11.551
11.611
11.682
11.501
11.721
11.692
11.652
11.920
12.051
11.532
11.440
11.477
11.726
11.462
11.666
11.506
11.496
11.682
11.692
11.749
11.571
11.610
11.626
11.600
11.672
11.620
11.917
11.877
11.818
11.574
11.705
11.543
11.556
11.768
11.519
11.530
11.651
11.610
11.660
11.664
12.115
11.613
11.479
11.433
11.524
11.514
11.861
11.631
11.612
11.497
11.861
11.523
11.599
11.892
11.881
12.067
11.785
11.631
11.626
11.556
11.587
11.710
11.729
11.788
11.721
11.554
11.438
11.595
11.724
11.733
11.660
11.544
11.410
11.732
11.645
11.762
11.679
11.725
11.807
11.929
11.892
11.464
11.692
11.690
12.021
11.606
11.549
11.491
11.541
11.763
11.763
11.630
11.740
11.565
11.611
12.024
11.673
11.519
11.907
11.655
11.532
11.945
11.706
11.633
11.712
11.501
11.713
11.613
11.684
11.778
11.746
11.861
11.880
11.539
11.640
11.955
11.547
11.611
11.952
11.635
11.870
11.497
11.927
12.173
11.657
11.835
11.649
11.464
11.613
11.468
11.628
11.548
11.620
11.406
11.506
11.571
11.479
11.526
11.343
11.609
11.499
11.654
11.865
11.714
11.583
11.630
11.568
11.604
11.779
11.640
11.688
11.710
11.870
11.517
11.771
11.721
11.825
11.645
12.055
11.972
11.422
11.622
11.489
11.408
11.616
11.534
11.523
11.769
11.490
11.545
11.547
11.569
11.665
11.848
11.890
11.590
11.705
11.590
11.451
11.962
11.561
11.578
11.647
11.825
11.530
11.744
11.602
11.675
11.861
11.471
11.665
11.547
11.579
11.524
11.904
11.583
11.595
11.686
11.570
11.664
11.490
11.660
11.778
11.875
11.613
11.540
11.492
11.885
11.798
11.783
11.565
11.439
11.412
11.894
11.805
11.549
11.622
11.708
11.563
11.459
11.489
11.652
11.447
11.729
11.776
11.521
11.449
11.863
11.591
11.592
11.750
11.789
11.658
11.626
11.932
11.576
11.994
11.579
11.411
11.594
12.242
11.544
11.615
11.602
11.633
11.558
11.991
11.592
11.540
11.629
11.795
11.526
11.576
11.495
11.623
11.561
11.545
11.558
11.588
11.515
11.925
11.575
11.517
11.710
11.692
11.599
11.549
11.634
11.561
11.802
11.657
11.890
11.763
11.778
11.754
11.928
11.734
11.559
11.700
11.515
11.806
11.392
11.465
11.590
11.462
11.462
11.573
11.658
11.677
11.505
11.789
11.685
11.691
11.850
11.740
11.488
11.576
11.705
11.673
11.618
12.259
11.655
11.505
11.664
11.823
11.668
11.711
11.546
11.551
11.514
11.741
11.968
11.765
11.750
11.687
11.647
11.620
11.702
11.578
11.509
11.551
11.570
11.600
11.396
12.223
11.514
11.589
11.579
11.733
11.913
11.648
12.044
11.487
11.548
11.591
11.602
11.639
11.659
11.641
11.732
11.725
11.738
11.693
11.640
11.523
11.426
11.516
11.735
11.913
11.929
11.522
11.721
11.703
11.438
11.783
11.582
11.721
11.386
11.785
11.879
11.520
11.781
11.824
11.666
11.711
11.779
11.787
11.964
11.549
11.734
11.704
11.599
11.785
11.866
11.708
11.617
11.660
11.873
11.486
11.549
11.736
11.714
11.677
11.484
11.641
11.554
11.572
11.572
11.515
11.534
11.951
11.645
11.625
11.665
11.880
11.509
11.795
11.575
11.856
11.509
11.683
11.675
11.668
11.812
11.888
11.826
11.440
11.869
11.803
11.920
11.534
11.633
11.572
11.644
11.514
11.810
11.546
11.875
11.497
11.580
11.537
11.461
11.671
11.617
11.633
11.789
11.650
11.411
11.469
11.783
11.859
11.658
11.615
11.486
11.873
11.452
11.630
11.778
11.571
11.696
11.829
11.476
11.537
11.498
11.606
11.522
11.537
11.689
11.765
11.731
11.776
11.842
11.389
11.708
11.737
11.504
11.690
11.932
11.707
11.497
11.680
11.791
11.765
11.654
11.570
11.501
11.754
11.672
12.059
11.539
11.563
11.552
11.476
11.899
11.749
11.754
11.725
11.660
11.876
11.557
11.720
11.654
11.769
11.593
11.625
11.588
11.839
11.522
11.791
11.518
11.582
11.779
11.516
11.755
11.737
11.732
11.610
11.766
11.459
11.675
11.705
11.483
11.510
11.711
11.570
11.588
11.542
11.790
11.797
11.690
11.636
11.817
11.558
11.700
11.613
11.742
11.585
11.630
11.528
11.600
11.703
11.674
11.605
11.400
11.534
11.702
11.616
11.645
11.716
11.465
11.622
11.574
11.569
11.546
11.949
11.926
11.841
12.231
11.502
11.463
11.771
11.646
11.795
11.507
11.891
11.672
11.527
11.779
11.707
11.728
11.599
11.558
11.744
11.628
11.582
11.833
11.519
11.714
11.891
11.742
11.835
11.776
11.605
11.621
11.825
11.779
11.640
11.500
11.936
11.763
11.606
12.132
11.651
11.609
11.597
11.780
11.509
11.487
11.597
11.625
11.586
11.605
11.496
11.742
11.519
11.499
12.118
11.809
11.821
11.544
11.682
11.926
11.597
11.857
11.572
11.604
11.495
11.710
11.854
11.497
11.718
11.572
11.724
11.626
11.844
11.522
11.584
11.744
11.607
11.689
11.743
11.636
11.829
11.811
11.669
11.709
11.689
12.404
11.632
11.445
11.544
11.556
11.409
11.619
11.672
11.538
11.793
11.619
11.602
11.497
11.642
11.660
11.534
11.539
11.761
11.536
11.851
11.601
11.711
11.614
11.737
11.823
11.638
11.523
11.529
11.540
11.617
11.527
11.594
11.601
11.567
11.878
11.545
11.877
11.659
11.770
11.630
11.599
11.459
11.740
11.450
11.542
11.494
11.653
11.874
11.522
12.064
11.455
11.632
11.682
11.785
11.913
11.812
11.965
11.783
11.498
11.784
11.747
11.599
11.775
11.835
11.686
11.564
12.079
11.771
11.489
11.719
11.460
11.651
11.897
11.569
11.697
11.935
11.563
11.747
11.648
11.569
11.884
11.625
11.783
11.428
11.708
11.712
11.608
11.672
11.686
11.703
11.795
11.806
11.446
11.778
11.798
11.524
11.751
11.734
11.753
11.726
12.098
11.655
11.819
11.671
11.637
11.499
11.559
11.771
11.580
11.682
11.604
11.655
11.555
11.542
11.549
11.695
11.446
11.624
11.529
11.552
11.509
11.605
11.708
11.650
11.615
12.017
11.691
11.867
11.916
11.514
11.457
11.695
11.729
11.815
11.779
11.663
11.694
11.721
11.876
11.752
11.501
11.797
11.917
11.643
11.659
11.379
11.546
11.795
11.483
11.773
11.465
11.541
11.573
11.545
11.796
11.525
11.511
11.623
11.862
11.785
11.650
11.522
11.724
11.538
11.543
11.865
11.551
11.961
11.602
11.574
11.846
11.494
11.669
11.687
11.565
11.766
11.618
11.549
11.568
11.816
11.359
11.716
11.474
11.717
12.016
11.425
11.507
11.740
11.751
11.699
11.682
12.130
11.409
11.835
11.466
11.859
11.690
11.442
11.546
11.581
11.627
11.520
11.906
11.540
11.544
11.375
11.902
11.543
11.850
11.638
11.759
11.775
11.605
11.804
11.629
11.732
11.563
11.658
11.602
11.804
11.611
11.835
11.582
11.531
11.615
11.490
11.473
11.892
11.466
11.530
11.539
11.691
11.542
11.499
12.176
11.553
11.615
11.571
11.605
11.700
11.440
11.508
11.573
11.656
11.404
11.538
11.852
11.665
11.486
11.618
11.485
11.696
11.778
11.816
11.765
11.779
11.665
11.475
11.700
11.715
11.806
12.001
11.714
11.575
11.559
12.054
11.570
11.637
11.672
11.544
11.686
11.788
11.606
11.541
11.678
11.594
11.536
11.677
11.732
11.610
11.610
11.550
11.478
11.574
11.746
11.745
11.860
12.034
11.575
11.633
11.465
11.600
11.556
11.874
11.468
11.519
11.658
11.543
11.432
11.421
11.767
11.504
11.613
11.572
11.662
11.580
11.577
11.845
11.574
11.565
11.688
12.068
11.634
11.614
11.876
11.755
11.639
11.575
11.800
11.602
11.535
12.059
11.565
11.526
11.524
11.628
11.575
11.702
11.692
11.697
11.644
11.648
11.507
11.825
11.755
11.548
11.673
11.705
11.526
11.524
11.403
11.465
11.714
11.530
11.611
11.608
11.672
11.562
11.705
11.677
11.648
11.584
11.884
11.938
11.419
11.586
11.687
11.735
11.534
11.615
11.622
11.837
11.937
11.777
11.672
11.713
11.590
11.608
11.802
11.661
11.782
11.511
12.016
11.484
11.446
11.443
11.411
11.423
11.597
11.486
11.958
11.747
11.744
11.695
11.536
11.694
11.695
11.817
11.520
11.724
11.729
11.983
11.590
11.897
11.658
11.612
11.717
11.359
11.627
11.662
11.733
11.588
11.776
11.704
11.739
11.450
11.389
11.985
11.551
11.712
11.634
11.431
11.947
11.831
11.559
11.663
11.564
11.844
11.468
11.643
11.660
11.597
11.528
11.477
11.946
11.581
11.570
11.478
11.621
11.499
11.618
11.523
11.826
12.110
11.538
11.656
11.595
11.734
11.796
11.835
11.546
11.585
11.694
11.505
11.501
11.674
11.597
11.862
11.790
11.732
11.604
11.570
11.745
11.705
11.451
11.526
11.451
11.634
11.594
11.512
11.771
11.446
11.685
11.707
11.378
11.579
12.035
11.652
11.843
11.855
11.593
11.936
11.685
11.866
11.647
11.572
11.895
11.482
11.635
11.498
11.504
11.706
11.621
12.007
11.618
11.635
11.836
11.654
11.504
11.831
11.674
11.630
11.608
11.545
11.991
11.520
11.660
11.585
11.543
11.789
11.491
11.774
11.603
11.586
11.623
11.503
11.496
11.808
11.597
11.556
12.134
11.595
11.660
11.623
11.606
11.717
11.826
11.433
11.753
11.690
11.556
11.839
12.088
11.772
12.027
11.662
11.682
11.532
11.617
11.611
11.840
11.520
11.590
11.582
11.486
11.853
11.774
11.636
11.642
11.863
11.628
11.461
11.890
11.576
11.475
12.006
11.839
11.564
11.540
11.656
11.571
11.849
11.438
11.668
11.580
11.541
11.547
11.648
11.365
11.770
11.678
11.820
11.808
11.602
11.837
11.578
11.749
11.496
11.516
11.633
11.640
11.693
11.763
11.615
11.367
11.704
11.841
11.668
11.583
11.647
11.531
11.748
11.659
11.671
11.685
11.538
11.983
11.941
11.627
11.895
11.906
11.786
11.711
11.456
11.532
11.379
11.536
11.717
11.819
11.655
11.556
11.655
11.801
11.842
11.666
11.597
11.685
12.058
11.787
11.416
11.815
11.514
11.586
11.697
12.016
11.588
11.521
11.603
11.463
11.675
11.815
12.007
11.556
11.697
11.639
11.588
11.538
11.877
11.551
11.769
11.695
11.525
11.695
11.597
11.424
11.613
12.007
11.890
11.492
11.712
11.551
11.660
11.823
11.730
11.566
11.594
11.756
11.660
11.527
11.433
11.540
11.588
11.506
11.488
11.501
11.525
11.708
11.677
11.574
11.933
11.452
11.634
11.564
11.689
11.605
11.934
11.659
11.576
11.451
11.589
11.626
11.693
11.664
11.800
11.630
11.836
11.474
11.722
11.483
11.582
11.723
11.596
11.497
11.429
11.556
11.553
11.572
11.680
11.815
11.618
11.637
11.651
11.534
11.595
11.959
11.598
11.461
11.507
11.950
11.700
11.615
11.566
11.799
11.591
11.513
11.774
11.469
11.717
11.731
11.844
11.620
11.536
11.733
11.723
11.459
11.672
11.692
11.510
11.601
11.604
11.645
11.472
11.755
11.635
11.743
11.868
11.656
11.460
11.555
11.569
11.459
11.659
11.485
11.599
11.451
11.651
11.790
11.693
11.940
11.618
11.612
11.560
11.896
11.743
11.733
11.802
11.466
11.699
11.693
11.501
11.656
11.728
11.728
11.578
11.549
11.419
11.742
11.730
11.752
11.687
11.547
11.611
11.675
11.496
11.833
11.726
11.804
11.549
11.600
11.661
11.627
11.792
11.569
11.641
11.647
11.577
11.691
11.857
11.619
11.611
11.514
11.664
11.637
11.501
11.560
11.570
11.449
11.602
11.558
11.587
11.413
11.858
11.557
11.478
12.078
11.483
11.509
11.650
11.579
11.716
11.629
11.713
11.605
11.570
11.521
11.428
11.578
11.707
11.746
11.525
11.588
11.497
11.572
11.906
11.668
11.582
11.458
11.555
11.763
11.666
11.654
11.624
11.689
11.723
11.618
11.883
11.522
11.628
11.544
11.734
11.830
11.785
11.641
11.513
11.554
11.532
11.604
11.764
11.669
11.901
11.847
11.734
11.693
11.595
11.834
11.809
11.852
11.517
11.620
12.085
11.635
11.693
11.629
11.563
11.902
11.558
11.661
11.674
11.549
11.407
11.826
11.642
11.529
11.565
11.578
11.683
11.433
11.617
11.503
11.675
12.277
11.598
11.438
11.692
11.524
11.581
11.424
11.785
11.711
11.653
11.597
11.629
11.722
11.654
11.534
11.531
11.542
11.526
11.522
11.559
11.719
11.478
11.711
11.568
11.608
11.519
11.776
11.879
11.594
11.557
11.707
11.648
11.638
11.453
11.519
11.678
11.588
11.477
11.531
11.879
11.835
11.671
11.822
11.712
11.615
11.888
11.737
11.570
11.607
11.661
11.527
11.686
11.707
11.638
11.596
11.585
11.531
11.502
11.670
11.679
11.620
12.082
11.630
11.413
11.574
11.965
11.514
11.734
11.684
11.709
11.676
11.723
11.728
11.449
11.908
11.783
11.853
11.898
11.521
11.630
11.567
11.678
11.495
11.788
11.633
11.521
11.465
11.874
11.658
11.640
11.541
11.997
11.554
11.948
11.630
11.546
11.506
11.668
11.722
11.654
11.548
11.619
11.749
11.714
11.472
11.671
9.989
