0.000000 0
44.693232 1
45.061851 2
45.105153 3
45.109493 4
45.140703 5
45.146118 6
45.146194 7
45.163642 8
45.184338 9
45.277743 10
45.279929 11
45.300708 12
45.304989 13
45.311548 14
45.311662 15
45.312566 16
45.317170 17
45.318497 18
45.324983 19
45.341226 20
45.342162 21
45.343151 22
45.351957 23
45.384989 24
45.388753 25
45.394577 26
45.467350 27
45.470786 28
45.475769 29
45.477007 30
45.490178 31
45.587456 32
45.589685 33
45.849504 34
45.863988 35
45.925758 36
45.938049 37
45.964684 38
46.061324 39
46.227341 40
46.251691 41
46.309952 42
46.579439 43
46.648457 44
46.760716 45
47.017082 46
47.034054 47
47.054983 48
47.064795 49
47.075416 50
47.097743 51
47.130061 52
47.167482 53
47.230112 54
47.248935 55
47.268561 56
47.326136 57
47.358052 58
47.360261 59
47.388032 60
47.399450 61
47.431911 62
47.432192 63
47.434345 64
47.450487 65
47.461223 66
47.476648 67
47.490788 68
47.503155 69
47.557778 70
47.600283 71
47.705008 72
47.715461 73
47.812690 74
47.880436 75
47.961221 76
47.961807 77
48.126214 78
48.165234 79
48.175463 80
48.234613 81
48.260516 82
48.284494 83
48.318256 84
48.392193 85
48.398581 86
48.402414 87
48.443834 88
48.453604 89
48.482278 90
48.490723 91
48.517567 92
48.528483 93
48.552136 94
48.596537 95
48.597903 96
48.606280 97
48.625591 98
48.630407 99
48.631229 100
48.641704 101
48.654994 102
48.740542 103
48.769167 104
48.794101 105
48.808881 106
48.817900 107
48.837266 108
48.860021 109
48.882903 110
48.905638 111
49.079885 112
49.150878 113
49.166074 114
49.179849 115
49.311481 116
49.501560 117
49.522069 118
49.593082 119
49.725338 120
49.730312 121
49.779617 122
49.875492 123
49.891672 124
49.934417 125
49.956024 126
50.048948 127
50.079908 128
50.120687 129
50.140741 130
50.181727 131
50.200079 132
50.200420 133
50.266469 134
50.283751 135
50.288249 136
50.299930 137
50.311455 138
50.337933 139
50.380870 140
50.408260 141
50.457728 142
50.466161 143
50.689032 144
50.699099 145
50.726443 146
50.735909 147
50.738796 148
50.802164 149
50.821154 150
50.948554 151
51.094634 152
51.121280 153
51.155847 154
51.159522 155
51.181179 156
51.186745 157
51.189800 158
51.237232 159
51.256030 160
51.263636 161
51.281464 162
51.282373 163
51.286803 164
51.304141 165
51.319308 166
51.348933 167
51.373433 168
51.381794 169
51.424899 170
51.438636 171
51.583673 172
51.631127 173
51.648599 174
51.658202 175
51.683930 176
51.688166 177
51.708047 178
51.736495 179
51.754057 180
51.800356 181
51.805178 182
51.812948 183
51.881071 184
51.911333 185
52.015515 186
52.075186 187
52.091593 188
52.183131 189
52.262121 190
52.279782 191
52.354133 192
52.406815 193
52.466849 194
52.482094 195
52.568705 196
52.605153 197
52.649005 198
52.751010 199
52.764065 200
52.894662 201
52.903305 202
52.950500 203
52.953912 204
52.960124 205
53.004458 206
53.006081 207
53.015663 208
53.148393 209
53.226581 210
53.279071 211
53.408484 212
53.422112 213
53.434623 214
53.493180 215
53.573245 216
53.584152 217
53.699723 218
53.715431 219
53.720510 220
53.733878 221
53.760474 222
53.763016 223
53.827877 224
53.908504 225
53.953859 226
53.957951 227
54.013885 228
54.063615 229
54.077291 230
54.108766 231
54.151059 232
54.158246 233
54.183346 234
54.253445 235
54.257278 236
54.264432 237
54.314505 238
54.343715 239
54.372717 240
54.397635 241
54.462701 242
54.475286 243
54.496047 244
54.558510 245
54.569471 246
54.668697 247
54.677041 248
54.741477 249
54.742670 250
54.752094 251
54.780297 252
54.869932 253
54.895138 254
54.901572 255
54.939916 256
54.944953 257
54.979436 258
54.992311 259
55.131223 260
55.145047 261
55.161446 262
55.164802 263
55.191355 264
55.249468 265
55.256458 266
55.309218 267
55.310971 268
55.370593 269
55.427447 270
55.445426 271
55.587603 272
55.631469 273
55.635961 274
55.661488 275
55.715128 276
55.795637 277
55.805392 278
55.900767 279
55.932660 280
55.940691 281
55.950052 282
55.990712 283
55.993582 284
56.145052 285
56.191750 286
56.205486 287
56.212998 288
56.310530 289
56.412850 290
56.439400 291
56.472453 292
56.473856 293
56.506442 294
56.508112 295
56.528211 296
56.532296 297
56.898638 298
56.900584 299
56.943185 300
56.961082 301
57.002067 302
57.011169 303
57.014287 304
57.165336 305
57.174206 306
57.191665 307
57.242418 308
57.255805 309
57.268482 310
57.306011 311
57.307521 312
57.348232 313
57.362103 314
57.415199 315
57.446636 316
57.458655 317
57.496926 318
57.558313 319
57.589641 320
57.597355 321
57.639925 322
57.644588 323
57.661915 324
57.666953 325
57.757021 326
57.946769 327
57.962010 328
57.966631 329
57.985755 330
57.993931 331
58.052647 332
58.066045 333
58.331930 334
58.332111 335
58.408357 336
58.409652 337
58.465726 338
58.487513 339
58.498838 340
58.517522 341
58.549815 342
58.551213 343
58.588782 344
58.609025 345
58.666799 346
58.688076 347
58.734593 348
58.784702 349
58.790157 350
58.813764 351
58.815785 352
58.843081 353
58.882573 354
58.888408 355
58.956756 356
58.959360 357
59.066660 358
59.137444 359
59.170650 360
59.181587 361
59.192296 362
59.223635 363
59.520812 364
59.560842 365
59.619804 366
59.680620 367
59.765314 368
60.076586 369
60.078050 370
60.080462 371
60.153438 372
60.155358 373
60.172128 374
60.186170 375
60.207960 376
60.298558 377
60.335404 378
60.368199 379
60.404526 380
60.407921 381
60.420647 382
60.452561 383
60.619710 384
60.646800 385
60.652577 386
60.655732 387
60.655762 388
60.697528 389
60.737287 390
60.759442 391
60.913657 392
60.947911 393
60.948466 394
60.953391 395
60.961228 396
61.078168 397
61.146589 398
61.312147 399
61.332303 400
61.432842 401
61.475603 402
61.600177 403
61.610156 404
61.748313 405
61.781027 406
61.850405 407
61.873380 408
61.876008 409
61.884139 410
61.890735 411
61.893407 412
61.895255 413
61.943460 414
61.973286 415
62.056259 416
62.226458 417
62.232409 418
62.241568 419
62.263486 420
62.263661 421
62.265779 422
62.280806 423
62.281506 424
62.340203 425
62.341944 426
62.448365 427
62.494870 428
62.526307 429
62.528591 430
62.610856 431
62.694034 432
62.707333 433
62.716393 434
62.809532 435
62.828152 436
62.841973 437
62.861378 438
63.100057 439
63.150105 440
63.162403 441
63.174083 442
63.208601 443
63.278593 444
63.282985 445
63.376961 446
63.377018 447
63.417809 448
63.430233 449
63.558148 450
63.571719 451
63.602791 452
63.691335 453
63.743084 454
63.777811 455
63.778434 456
63.796453 457
63.806329 458
63.869973 459
63.887440 460
63.924258 461
63.951258 462
63.966486 463
63.987151 464
63.994466 465
64.046510 466
64.075059 467
64.088572 468
64.133297 469
64.190923 470
64.213075 471
64.215558 472
64.228272 473
64.307463 474
64.401827 475
64.403692 476
64.525053 477
64.699632 478
64.739145 479
64.759304 480
64.847784 481
64.931829 482
64.932280 483
64.958243 484
64.996081 485
65.002057 486
65.015367 487
65.020837 488
65.081296 489
65.118101 490
65.160180 491
65.186550 492
65.187460 493
65.188902 494
65.190999 495
65.191482 496
65.293461 497
65.306741 498
65.336959 499
65.337848 500
65.341210 501
65.449410 502
65.449554 503
65.452022 504
65.464655 505
65.474600 506
65.578813 507
65.877268 508
65.878426 509
65.923839 510
65.932700 511
65.994730 512
65.996484 513
66.040175 514
66.142534 515
66.143540 516
66.281337 517
66.281819 518
66.294068 519
66.384709 520
66.385692 521
66.388372 522
66.518773 523
66.548079 524
66.653502 525
66.685091 526
66.712188 527
66.754583 528
66.782863 529
66.790285 530
66.861367 531
66.886668 532
66.908620 533
66.938253 534
66.993131 535
67.031572 536
67.042739 537
67.044000 538
67.089964 539
67.155116 540
67.157153 541
67.157919 542
67.225007 543
67.251150 544
67.278536 545
67.340924 546
67.414048 547
67.483139 548
67.483977 549
67.518599 550
67.595151 551
67.640662 552
67.658828 553
67.713606 554
67.746254 555
67.762445 556
67.877902 557
67.944613 558
67.948921 559
68.033000 560
68.080354 561
68.090290 562
68.127081 563
68.180735 564
68.200635 565
68.204491 566
68.282968 567
68.308355 568
68.329638 569
68.351731 570
68.359903 571
68.363671 572
68.376016 573
68.388801 574
68.392492 575
68.429489 576
68.467369 577
68.632748 578
68.662894 579
68.678466 580
68.724524 581
68.795800 582
68.843937 583
68.852265 584
68.865445 585
69.151056 586
69.343494 587
69.471271 588
69.515825 589
69.606935 590
69.616193 591
69.620747 592
69.820535 593
69.846148 594
69.846351 595
69.900807 596
69.948308 597
69.982706 598
70.054869 599
70.071286 600
70.232324 601
80.357349 602
