24.57
24.16
25.46
23.83
23.34
24.39
23.63
23.01
24.01
25.32
25.87
24.27
24.43
24.22
24.23
25.64
28.04
30.91
30.40
31.49
29.42
29.77
25.21
24.31
24.76
24.39
24.51
25.08
27.87
28.78
32.18
32.58
31.51
30.87
30.06
29.74
28.85
28.94
28.00
32.77
40.10
45.36
43.59
40.80
38.35
33.98
27.58
26.36
25.55
24.63
25.09
24.90
26.25
29.58
32.29
36.55
35.47
38.92
36.49
37.12
35.15
34.57
34.02
36.69
39.50
41.65
37.85
39.35
36.11
28.75
26.90
25.25
24.08
24.61
23.84
23.78
25.03
28.30
29.98
30.65
29.64
35.40
35.27
30.61
30.08
30.61
29.84
32.96
38.13
40.12
37.26
38.76
34.08
27.90
26.77
24.92
24.73
23.99
24.09
24.34
24.03
24.82
27.36
28.56
28.01
27.62
27.72
27.92
27.69
28.41
27.91
28.09
32.05
33.82
29.60
28.81
27.79
27.42
25.13
25.82
24.04
24.21
24.72
23.49
24.55
24.45
26.16
24.98
25.42
24.97
25.60
25.29
25.37
24.98
25.21
25.02
27.20
26.18
25.19
26.25
25.01
25.44
26.40
25.32
24.86
24.57
22.98
22.92
24.64
23.63
23.95
25.02
23.90
24.02
24.12
24.01
25.68
24.03
25.29
24.20
25.12
25.19
25.49
25.70
25.52
24.94
25.54
24.47
24.70
25.98
25.80
26.01
24.61
26.53
29.02
28.23
28.47
29.06
29.08
27.83
28.18
27.90
27.57
33.63
35.93
37.17
38.99
39.46
32.24
28.30
26.63
24.66
25.08
22.92
24.43
24.12
25.39
29.36
33.99
35.18
35.35
30.93
29.62
27.76
27.78
27.22
26.40
30.35
35.82
37.82
36.82
37.19
33.15
28.69
27.56
25.07
24.75
24.51
25.52
25.30
25.16
30.47
31.43
31.46
31.54
28.41
27.45
26.92
26.83
27.90
28.06
27.49
32.33
34.96
36.56
35.26
30.42
27.07
25.51
25.18
23.54
23.58
24.03
23.93
25.35
27.11
30.01
28.77
27.58
27.51
28.27
29.84
29.42
28.39
27.78
28.04
32.90
34.39
35.39
31.64
28.16
27.30
26.34
24.12
23.62
24.21
24.41
24.37
25.84
25.64
26.70
28.29
28.43
28.24
28.80
29.32
27.91
27.65
27.10
28.00
32.19
33.25
28.53
27.59
27.95
26.54
25.96
24.62
23.67
23.33
22.88
23.40
24.77
25.23
25.17
25.42
26.29
25.50
25.94
27.03
25.22
25.39
24.40
25.13
25.02
25.42
25.12
24.89
24.80
25.08
25.54
24.71
23.82
24.64
23.47
23.53
23.50
24.42
25.03
24.36
24.80
23.59
24.29
24.83
23.87
24.23
25.32
25.08
26.78
25.29
25.52
25.01
25.02
26.42
25.23
24.82
25.25
24.34
23.68
26.31
23.64
25.15
25.63
27.58
28.62
29.01
27.88
28.11
28.12
28.47
28.32
27.44
29.12
33.27
32.72
28.30
27.92
27.09
26.25
26.62
23.74
24.31
24.75
23.93
25.27
25.59
27.25
29.62
29.16
27.72
27.96
27.02
27.36
27.51
27.01
31.20
35.73
36.46
36.68
32.66
29.78
26.74
26.63
24.84
24.25
23.91
23.86
23.38
25.38
27.52
29.46
29.51
28.67
27.88
28.15
28.10
28.62
28.50
28.59
28.99
34.23
37.31
36.10
34.87
32.33
27.36
26.60
25.10
24.56
24.96
24.94
24.84
26.26
27.18
30.63
33.05
33.86
27.68
29.02
27.98
28.89
28.46
28.14
28.15
31.36
35.82
33.43
29.84
31.52
27.77
28.19
25.03
24.14
24.79
24.08
24.21
24.51
26.41
31.63
30.59
29.74
29.84
28.78
28.29
27.40
28.50
28.42
29.01
34.01
34.76
35.67
34.34
29.96
27.31
25.77
24.69
24.46
24.18
23.91
23.43
24.61
24.47
25.46
26.24
27.40
27.08
27.88
25.70
25.20
24.93
24.62
25.47
25.92
27.17
29.08
29.05
26.07
25.21
24.98
25.33
24.43
24.67
24.24
23.23
23.95
23.93
24.33
23.99
24.83
26.13
23.88
23.64
23.96
25.19
24.16
24.80
25.59
26.20
25.87
25.06
25.56
25.47
25.38
24.46
24.42
24.15
23.82
24.45
25.16
27.67
30.52
33.99
37.42
30.77
28.13
27.20
27.23
26.93
27.91
27.70
32.74
35.05
36.00
36.19
31.89
27.34
25.72
25.96
25.47
23.88
23.30
24.55
24.65
27.07
28.71
29.79
28.88
28.11
28.21
28.65
28.25
28.47
27.74
27.53
29.89
31.18
31.93
30.57
28.21
27.63
25.07
25.35
25.14
24.90
24.30
24.68
26.49
27.57
28.64
28.67
27.18
27.41
27.94
25.85
26.63
27.47
27.01
31.81
33.47
37.81
38.45
36.41
31.96
27.66
26.25
25.63
25.07
39.65
23.73
25.87
25.42
28.76
31.93
35.02
33.74
29.61
28.54
27.83
27.64
27.76
28.01
28.46
33.03
36.86
35.96
37.42
30.69
28.59
25.53
25.28
26.17
24.29
25.06
24.32
25.07
27.23
29.75
34.04
32.73
33.17
34.38
33.01
28.50
27.49
27.22
27.65
31.50
32.65
30.98
29.14
28.40
26.62
25.39
24.45
24.53
24.79
23.79
24.31
23.13
24.96
25.01
24.87
25.44
26.41
25.43
25.88
24.67
24.78
25.24
25.45
25.35
26.43
27.19
25.65
25.71
25.46
25.28
24.90
24.96
24.92
25.01
24.50
23.94
24.65
24.54
25.15
24.84
24.87
23.87
23.61
24.17
24.85
24.04
24.27
25.71
25.31
25.25
25.47
25.43
25.64
25.34
24.51
24.98
24.70
25.13
24.91
24.13
25.49
27.43
28.00
27.77
27.47
27.69
27.26
28.15
27.81
26.78
30.24
33.54
33.14
34.08
31.23
27.77
27.09
25.09
24.74
24.14
24.00
25.35
24.05
24.31
26.34
27.98
27.80
27.35
26.71
27.05
27.62
27.74
27.73
28.62
27.94
31.37
34.81
32.71
30.20
27.70
28.04
25.50
24.91
24.61
24.63
24.07
25.00
24.42
24.90
27.59
28.73
28.57
28.69
28.49
28.18
28.14
27.81
28.24
27.20
31.84
33.18
36.03
35.60
31.42
27.49
25.44
24.41
24.20
23.66
24.55
23.23
26.27
28.37
29.37
29.10
28.91
29.03
28.54
27.99
27.73
26.98
27.51
27.86
29.86
34.94
35.02
34.43
31.90
27.61
27.25
25.25
25.32
24.08
24.54
24.93
26.15
27.80
34.53
38.33
38.22
37.91
38.24
36.95
33.50
30.47
29.32
31.90
36.24
37.50
37.25
37.15
34.27
27.98
27.43
25.78
25.39
25.95
24.92
23.88
24.53
24.68
25.04
25.01
26.51
25.88
26.17
25.99
26.24
25.27
26.06
26.17
26.67
26.84
27.98
26.09
25.49
25.73
24.39
24.19
24.96
25.71
24.76
23.00
23.88
24.70
23.40
23.57
24.25
23.26
24.50
24.62
24.08
24.84
23.64
24.73
25.81
25.19
25.58
25.29
25.43
25.64
24.36
25.27
24.24
23.20
24.20
24.15
24.69
25.52
26.66
29.36
28.00
27.83
27.33
27.31
26.83
27.16
27.71
26.71
31.28
32.42
33.53
31.77
28.28
27.16
24.82
25.26
25.79
24.86
25.56
25.57
24.73
26.65
27.10
27.67
27.44
26.30
27.73
28.16
27.80
28.87
28.77
28.87
28.90
31.04
32.09
29.23
27.40
28.51
25.67
25.39
23.99
25.15
24.21
25.30
26.04
27.70
28.02
28.10
28.98
28.97
28.40
27.21
27.78
28.11
28.76
28.08
31.46
33.70
34.52
33.51
27.59
26.62
26.75
25.95
24.49
25.16
23.92
24.00
25.76
27.85
27.26
29.11
28.19
28.90
28.26
28.12
27.68
28.64
29.49
29.86
27.32
27.49
27.67
28.47
27.69
26.56
27.10
24.31
24.33
23.51
23.30
24.09
25.75
26.01
27.19
28.09
27.87
29.22
27.43
28.33
27.40
27.89
28.34
27.92
30.84
32.92
31.85
29.96
28.46
27.00
25.37
24.89
24.18
24.48
23.64
25.39
23.98
24.58
24.85
24.82
26.45
25.14
25.37
24.95
25.88
25.65
24.75
25.11
25.26
28.49
28.44
25.65
26.11
25.02
23.82
24.83
24.07
23.77
25.51
23.72
25.11
23.61
23.29
23.46
24.47
24.35
24.28
24.62
25.64
23.62
23.20
24.07
24.80
25.99
24.75
25.11
25.15
25.37
25.13
24.12
25.18
23.76
24.88
24.31
24.63
25.54
26.21
28.72
28.46
28.44
28.65
28.24
29.07
28.11
27.17
26.29
27.55
28.16
27.47
27.99
28.23
27.42
26.65
25.18
24.78
24.69
24.45
23.40
25.72
24.91
27.15
28.15
27.44
27.27
27.37
27.30
28.24
28.65
27.05
28.86
26.57
30.67
31.95
27.56
27.67
27.66
26.20
25.66
24.53
24.96
25.11
25.67
24.40
28.31
27.87
27.40
27.55
28.04
28.40
28.07
27.78
27.53
26.99
27.86
30.36
31.13
31.72
32.91
29.75
24.72
24.55
27.78
25.07
24.97
24.36
25.24
24.31
24.85
26.93
27.40
27.59
26.97
27.74
28.14
27.70
28.05
27.88
28.36
29.90
32.95
33.08
30.60
28.55
27.06
26.05
24.76
24.76
26.42
24.11
25.57
24.99
24.89
26.84
28.47
29.19
29.76
29.09
28.92
28.50
29.11
29.51
27.39
28.07
32.91
33.78
29.22
29.19
28.75
26.65
24.63
24.04
24.66
24.58
24.04
24.58
24.74
25.70
26.33
27.00
25.05
25.23
26.19
25.25
25.46
24.65
25.03
26.54
27.92
26.18
28.10
26.84
25.79
25.62
24.81
25.46
24.44
23.07
23.85
23.87
24.29
24.37
24.65
25.51
24.64
24.63
24.22
24.14
25.03
24.02
24.44
24.30
25.34
25.61
25.95
25.74
24.46
25.13
24.84
25.44
24.32
23.99
24.69
24.61
25.42
27.06
27.99
28.95
27.77
27.89
28.01
28.20
29.15
26.29
26.56
26.76
29.06
27.84
27.67
26.56
24.29
25.62
26.87
25.61
24.37
23.97
24.69
24.91
25.78
27.76
29.19
28.60
28.52
28.74
28.54
28.42
27.93
30.02
29.62
27.16
30.09
33.40
33.35
27.38
26.81
27.14
25.21
25.70
23.92
23.50
24.85
24.81
28.26
28.85
31.10
35.39
31.39
30.52
27.77
27.62
26.56
28.92
28.92
32.01
36.51
37.80
37.19
31.30
27.18
25.72
26.68
24.19
24.99
25.44
24.23
25.27
26.84
28.40
30.64
31.22
33.28
33.71
33.38
28.19
28.45
27.43
28.09
31.63
36.61
37.09
35.69
30.78
27.82
25.77
24.80
23.88
25.25
24.57
25.32
25.43
26.74
28.22
28.08
28.19
27.89
27.49
29.77
28.67
28.51
27.70
27.32
27.78
28.70
28.88
27.91
27.62
27.94
25.19
24.70
24.83
25.38
24.50
23.79
25.14
24.66
25.49
25.90
26.80
25.67
25.61
25.78
25.93
25.90
25.94
25.13
26.45
25.97
26.76
26.91
26.62
25.76
24.59
24.92
24.64
23.75
24.02
23.99
24.00
24.14
23.64
24.60
24.21
24.36
24.51
25.21
24.82
24.75
24.74
24.35
25.59
26.16
25.20
26.31
25.65
24.38
23.83
24.56
25.19
23.38
23.59
25.15
24.03
25.07
26.74
28.16
28.37
27.73
28.71
28.43
28.49
28.74
26.90
27.23
28.19
27.96
27.59
27.80
28.86
28.43
24.70
25.69
26.20
24.38
24.98
26.77
23.82
26.20
26.53
27.99
26.20
27.13
27.18
26.76
28.87
28.71
27.53
28.40
30.64
32.48
33.10
31.58
29.21
27.58
25.05
25.95
24.96
24.61
24.30
24.46
24.49
28.53
28.88
29.02
28.97
27.65
27.45
26.82
27.10
27.93
28.56
29.20
28.31
33.34
36.85
30.76
28.18
26.03
25.92
24.94
24.73
23.45
22.84
24.33
25.47
27.81
28.72
28.75
28.32
28.69
28.79
28.60
28.30
28.64
28.29
28.13
27.66
28.90
29.96
27.75
28.79
26.28
25.44
24.09
25.54
23.93
24.29
25.19
25.20
25.72
27.14
27.87
27.06
29.42
29.18
28.95
28.08
29.44
28.12
28.56
25.10
28.00
27.82
28.21
27.98
26.22
25.70
25.99
25.30
23.92
23.13
23.15
25.23
25.28
25.54
24.72
25.68
23.87
24.74
25.19
25.05
24.88
24.87
24.45
24.63
25.32
25.32
25.59
24.64
25.05
23.66
24.95
23.81
24.26
23.70
23.55
24.27
23.35
24.43
25.91
26.03
24.46
24.57
24.17
25.36
24.55
24.28
24.83
24.60
26.30
26.37
25.41
25.12
25.60
25.55
25.34
25.34
23.72
24.88
24.01
24.96
25.66
26.75
28.38
28.71
27.26
26.45
27.51
27.25
29.02
29.08
28.56
27.71
30.04
32.05
30.63
28.03
27.29
25.56
24.65
24.18
24.41
24.49
24.20
25.36
26.45
28.43
29.03
28.45
27.07
27.64
26.45
27.52
27.89
28.99
27.49
28.77
28.17
29.22
27.62
27.69
26.74
25.14
24.63
24.51
25.11
24.75
23.51
23.65
26.30
27.19
28.22
28.11
27.07
28.31
27.69
27.31
28.59
25.66
25.30
27.30
28.84
27.02
27.58
28.76
27.21
24.58
25.11
24.53
24.33
24.56
24.06
24.39
26.44
27.80
28.97
27.89
27.63
27.39
27.39
26.79
27.56
27.73
28.54
27.62
31.51
32.72
29.54
26.35
27.03
25.16
25.63
24.58
23.63
23.53
24.01
25.08
24.89
27.50
28.02
27.91
27.42
28.22
27.81
28.11
27.71
25.20
25.42
27.26
26.84
26.07
27.14
26.19
25.60
26.14
24.28
24.86
24.84
23.88
24.49
25.41
24.85
24.65
24.78
24.61
24.51
25.06
25.86
25.99
25.14
24.55
24.99
24.52
24.77
24.62
25.53
25.86
26.06
23.75
25.07
24.12
24.25
24.71
24.36
24.30
23.46
23.40
23.51
24.72
24.17
24.84
23.36
23.13
24.24
24.31
23.49
24.51
27.05
25.29
25.23
24.77
25.68
27.51
24.69
24.60
23.38
23.39
24.02
25.66
27.17
27.06
28.57
27.42
27.81
27.35
28.12
28.79
27.89
27.82
27.45
28.47
28.00
27.74
27.69
27.33
26.25
24.51
25.74
24.73
24.32
23.61
24.22
25.77
25.71
26.83
29.12
28.05
28.10
28.37
28.56
28.04
27.77
28.58
28.30
27.74
26.96
27.42
27.56
27.42
27.16
25.84
24.38
26.30
23.92
23.81
23.65
25.05
25.74
26.41
26.77
26.46
26.78
26.77
26.35
26.23
25.62
24.35
25.78
28.35
27.72
27.80
29.68
27.66
25.33
25.93
24.90
23.47
23.44
23.19
23.49
23.61
27.88
26.03
27.65
28.54
29.29
28.09
27.90
28.46
28.33
27.31
28.29
27.37
30.72
31.12
27.50
28.96
26.14
24.23
23.56
26.40
23.83
23.21
23.24
25.19
25.51
27.63
27.46
26.94
26.76
28.28
27.52
27.02
27.21
28.08
27.87
27.02
27.89
27.34
27.97
28.76
27.71
25.64
25.73
25.83
23.77
24.11
25.14
23.96
23.50
25.11
25.42
24.63
23.61
25.64
24.99
24.99
24.18
25.00
24.24
24.66
26.05
24.24
24.82
24.63
25.32
24.21
24.42
25.08
23.53
23.24
23.36
23.97
23.48
24.48
24.35
25.64
23.06
24.28
23.84
23.63
24.68
23.96
23.66
23.45
25.26
24.26
24.96
25.29
24.81
26.11
24.72
22.93
22.68
23.37
25.20
25.13
25.08
26.46
26.76
27.04
27.33
27.83
26.75
25.92
25.48
25.60
25.25
24.86
27.74
28.57
28.37
26.58
25.48
26.09
23.75
25.42
23.81
23.71
23.58
26.35
26.72
25.51
27.11
26.69
25.98
27.26
24.88
26.00
26.04
26.24
26.00
25.64
27.81
29.47
29.35
27.79
26.35
23.82
25.92
24.24
24.17
23.05
24.36
24.34
25.16
25.04
26.37
27.28
26.41
25.94
26.65
24.18
25.68
25.95
26.77
26.53
28.08
27.95
27.33
27.01
25.76
26.29
24.04
24.54
24.36
23.59
24.55
24.82
26.32
25.48
26.02
25.39
24.76
25.11
25.27
24.58
25.33
26.20
26.43
25.92
28.33
28.01
26.51
26.49
25.65
25.53
24.65
24.21
23.24
23.25
24.71
24.33
25.12
26.16
26.76
26.00
24.89
25.52
25.12
25.75
26.19
27.03
24.74
25.22
24.87
25.53
26.30
25.85
25.80
24.74
25.02
25.61
23.13
23.25
23.12
25.12
24.25
25.37
24.37
25.09
24.85
24.95
27.35
24.24
24.81
24.21
24.83
25.43
25.38
24.94
26.40
24.68
25.02
24.06
24.15
23.68
24.26
23.72
23.11
24.04
23.80
24.31
24.27
26.12
24.57
23.17
24.71
24.24
24.58
24.67
24.63
24.87
25.60
24.99
25.15
26.42
25.20
25.54
25.15
24.84
23.58
25.05
24.65
23.77
25.51
28.02
29.52
28.19
28.83
26.73
28.01
26.98
27.70
28.79
28.40
29.39
27.61
27.12
27.96
28.09
27.68
25.76
25.12
24.42
24.63
24.56
24.43
23.40
25.14
27.71
27.56
27.26
28.19
27.43
27.79
27.65
26.27
25.50
26.31
25.40
26.64
28.51
28.58
26.34
25.04
24.85
25.27
23.53
23.56
23.67
24.65
25.28
25.48
26.05
26.46
27.81
29.35
27.77
26.16
24.83
25.32
25.66
25.04
25.09
26.83
27.23
27.89
27.27
25.58
25.64
23.78
24.92
25.01
24.99
23.98
24.03
26.34
25.62
25.10
24.68
24.83
25.22
25.61
25.41
25.00
25.57
26.43
25.57
27.64
28.44
28.42
26.82
26.22
24.88
24.23
23.98
25.00
22.93
24.30
24.47
26.13
24.55
25.10
27.01
25.60
26.03
25.28
26.25
25.68
25.40
25.45
27.00
26.33
26.38
25.60
25.68
26.71
25.37
25.14
23.94
24.13
24.34
23.95
24.07
23.19
24.63
24.76
25.84
24.60
26.15
23.90
24.92
24.88
24.36
24.51
24.96
24.19
24.05
24.84
24.89
25.11
24.77
24.40
24.17
24.13
23.67
23.63
24.14
23.83
23.97
23.77
23.02
24.09
23.94
23.23
24.03
23.95
22.73
23.51
22.91
24.49
23.72
24.28
24.21
24.28
25.26
23.40
24.50
24.26
24.13
24.18
24.41
25.68
25.47
25.69
27.52
27.23
26.01
25.33
25.30
25.06
25.30
24.96
25.15
24.93
26.01
25.15
25.41
24.63
25.78
25.67
24.21
23.61
24.00
25.71
24.90
26.52
25.76
26.34
26.98
27.82
27.77
27.82
24.87
26.04
26.49
25.46
24.91
24.86
25.32
26.26
27.07
25.97
26.38
24.47
24.43
23.44
23.83
24.41
25.94
26.43
25.77
25.43
23.94
25.00
25.03
24.72
25.53
25.82
26.14
25.14
24.76
24.82
26.08
25.61
26.22
26.44
26.29
26.30
23.34
23.70
24.10
25.08
24.61
25.49
25.68
25.59
24.75
25.64
25.21
24.89
25.21
24.96
25.25
25.83
26.32
25.54
25.31
24.92
26.24
27.35
25.46
25.71
24.40
23.38
23.43
23.61
23.63
24.35
24.55
24.99
26.62
26.57
26.51
26.20
25.70
25.15
27.40
25.68
26.57
25.16
25.56
25.08
25.91
25.24
23.78
24.45
25.58
25.52
23.93
24.10
24.25
23.45
24.31
23.72
25.07
25.64
24.18
24.19
24.35
24.35
25.58
24.40
24.07
24.31
23.99
23.51
25.03
26.34
24.67
24.24
24.71
24.13
23.93
22.74
23.84
23.62
23.97
24.26
23.89
23.03
23.15
24.04
23.88
24.08
26.04
24.07
25.31
23.71
25.02
24.04
24.34
25.60
26.38
23.85
24.34
24.47
23.99
23.95
24.00
25.06
27.84
29.78
25.51
25.66
25.62
25.77
25.85
24.68
25.61
26.08
24.95
25.28
26.14
25.61
25.74
24.48
25.80
26.35
24.44
23.19
23.07
23.65
23.74
25.73
26.51
26.20
26.17
25.01
26.47
26.71
25.86
26.55
25.86
25.43
25.26
24.75
24.67
25.29
25.90
26.17
24.54
25.28
25.50
22.80
23.07
23.36
24.31
26.32
26.56
25.76
25.09
24.97
24.80
25.91
27.95
27.67
25.80
26.00
26.16
24.61
25.66
26.64
28.78
25.47
24.33
23.65
24.04
23.86
24.31
23.31
24.40
25.68
25.93
27.07
26.62
25.88
24.45
25.31
24.43
25.54
25.44
25.88
25.50
25.33
27.59
25.94
26.13
25.07
26.58
24.16
23.86
23.97
24.47
23.86
24.64
24.31
25.24
25.07
24.46
24.00
24.48
26.60
26.53
25.62
24.24
24.11
24.93
24.73
24.14
25.56
24.55
25.54
24.83
24.44
24.53
23.91
23.51
23.78
24.18
24.28
24.30
23.88
23.77
24.76
23.96
24.16
25.10
24.96
23.75
24.19
22.86
23.69
24.62
24.95
24.99
23.40
25.43
23.71
23.85
23.73
23.55
24.29
23.53
23.91
23.76
25.03
23.65
22.74
23.36
23.60
24.69
23.85
24.26
23.74
23.62
24.26
24.04
24.28
24.44
24.57
24.34
24.35
23.78
23.78
23.86
23.93
25.08
25.43
27.16
25.75
25.46
25.73
26.09
25.52
24.80
25.04
25.97
25.57
27.00
25.76
26.11
27.51
26.08
25.24
25.89
25.96
25.74
23.99
22.57
24.69
24.83
26.04
25.33
26.59
26.44
27.72
26.11
26.10
26.84
25.94
25.56
26.17
25.62
25.04
26.14
25.09
25.38
25.96
27.00
26.71
24.33
23.68
24.77
24.53
24.37
26.94
25.98
25.69
24.76
26.15
25.23
26.90
25.21
25.98
25.36
26.16
26.92
25.07
26.13
25.17
25.90
26.82
26.10
24.84
23.93
23.45
22.55
23.38
24.89
25.35
25.22
26.51
25.59
25.86
25.67
25.15
25.90
25.40
27.26
24.97
25.38
26.29
25.25
26.41
25.41
25.63
25.51
25.28
23.45
23.80
23.09
23.45
23.89
25.00
25.41
25.94
25.92
27.73
26.98
24.83
26.66
25.65
25.50
25.58
26.02
25.21
25.55
25.42
25.91
24.72
25.84
24.65
23.90
23.57
24.75
24.06
24.98
23.92
24.83
25.01
25.53
25.40
25.41
25.29
24.75
25.03
24.11
24.83
25.16
25.13
24.38
25.43
25.41
28.16
27.17
24.00
23.52
24.21
23.74
23.85
23.45
24.08
23.94
23.79
24.05
24.07
24.28
24.34
25.45
24.95
25.27
23.80
24.72
24.03
24.01
26.32
24.54
25.13
23.76
24.65
24.59
23.76
23.73
24.45
25.32
25.03
26.99
25.59
26.39
29.03
28.60
27.70
27.46
28.35
28.81
26.72
25.28
25.11
25.71
25.97
25.72
25.07
25.25
24.75
24.05
23.21
23.71
23.54
24.33
24.41
25.97
26.49
26.26
27.18
25.30
25.34
26.51
26.34
26.82
26.11
25.56
27.09
26.35
25.76
25.68
24.99
26.87
23.94
24.19
23.47
23.22
23.66
25.06
25.69
26.43
26.45
25.97
25.87
25.60
25.13
25.22
26.98
26.04
25.44
25.31
25.87
25.70
25.73
25.89
27.25
24.89
24.34
23.66
23.07
23.51
23.93
25.22
25.09
25.61
26.36
26.42
25.45
25.74
25.19
26.13
26.21
26.41
24.85
26.05
25.62
24.96
26.56
25.66
25.90
25.74
24.28
23.46
23.07
24.39
24.19
23.81
24.77
25.75
24.84
25.30
25.90
25.70
25.97
26.03
25.56
25.83
25.47
25.74
24.64
24.61
25.73
25.12
25.97
24.72
24.36
23.68
23.99
23.90
23.84
24.10
24.28
24.26
24.60
25.70
25.06
24.97
26.01
24.07
25.20
24.51
24.58
24.53
24.68
26.00
26.41
25.70
25.86
24.50
24.21
24.91
23.75
24.18
23.96
23.70
24.17
24.10
24.64
24.18
23.94
23.18
23.55
25.95
23.59
24.27
25.04
24.54
24.02
24.57
25.93
25.32
25.94
24.55
23.98
24.72
24.07
23.77
24.09
23.93
24.24
25.99
26.06
27.02
27.65
28.16
28.18
29.33
29.14
33.51
27.89
28.76
27.23
28.85
29.03
26.95
27.28
26.03
24.68
23.98
23.16
23.29
23.97
24.26
24.97
26.27
27.44
27.90
27.48
27.91
26.74
27.88
28.67
28.98
28.47
27.39
28.66
27.73
28.18
27.42
27.61
26.52
25.57
26.08
23.81
24.39
23.86
23.91
26.52
25.18
27.69
28.61
28.59
29.25
30.57
32.66
32.48
33.55
30.62
28.50
27.64
28.27
28.46
28.77
28.38
26.28
25.97
24.59
24.17
23.00
22.91
24.59
26.38
25.78
26.38
28.68
28.22
31.75
34.35
34.49
36.77
34.06
37.40
35.17
31.22
27.53
29.77
28.12
27.60
26.42
25.62
24.16
24.36
24.23
23.20
24.24
24.40
25.86
26.96
25.79
26.14
25.14
25.23
26.00
25.29
26.35
26.15
25.99
25.75
24.64
25.85
26.05
25.72
24.99
24.23
23.90
23.85
24.28
24.42
24.60
24.52
24.70
25.27
22.99
24.38
24.86
24.32
23.47
25.03
25.33
23.06
23.97
24.79
24.05
24.27
24.31
23.78
24.41
23.77
24.30
24.03
23.58
23.90
23.13
23.86
23.91
24.41
24.05
23.61
25.26
24.07
23.87
25.24
24.26
25.72
24.36
25.40
24.50
24.41
23.58
25.45
23.67
24.89
23.85
24.27
23.64
24.90
24.83
26.02
25.76
26.64
26.72
28.12
29.69
28.27
26.99
28.53
28.59
26.14
25.53
26.91
25.22
26.24
25.47
25.69
25.22
24.48
24.03
23.44
24.07
24.04
24.34
25.74
26.23
25.76
25.94
27.86
28.75
28.91
28.46
27.04
27.57
28.02
27.08
26.56
25.58
26.01
26.08
26.27
24.41
25.90
24.59
23.77
23.10
23.81
23.96
24.90
25.67
27.38
27.47
28.70
28.66
28.13
27.78
27.12
27.54
28.01
27.92
28.34
27.24
28.21
27.52
27.59
26.55
26.29
24.42
23.80
24.07
24.87
23.59
26.57
25.97
27.40
28.63
27.51
27.74
27.93
33.47
33.52
33.80
30.88
28.47
28.64
27.52
28.31
28.82
26.62
26.93
25.37
24.40
23.72
24.19
23.58
24.89
26.68
25.77
26.39
28.43
26.84
27.77
27.59
24.95
25.34
26.93
26.40
25.71
24.86
24.47
24.43
25.51
24.87
25.64
23.98
23.99
24.65
23.78
23.83
24.04
24.05
24.82
24.66
23.42
25.19
23.53
25.53
24.87
23.73
24.76
24.12
24.28
22.83
23.72
25.28
24.09
24.57
24.30
24.24
23.75
24.27
23.92
23.40
23.93
24.19
23.79
23.95
23.79
23.04
23.20
23.11
23.04
22.84
22.69
22.90
23.49
22.87
24.47
25.48
24.86
25.21
25.98
24.00
24.30
24.40
23.38
24.12
24.91
25.76
25.37
25.94
26.04
25.73
24.98
24.65
26.79
25.51
26.05
26.26
26.21
25.38
24.88
26.14
25.39
24.65
27.71
24.94
23.71
23.45
23.99
24.22
25.25
25.74
25.90
27.58
28.19
27.32
32.97
35.67
36.28
38.22
37.91
39.32
38.91
39.56
37.61
36.01
34.73
31.98
26.29
27.21
26.03
23.87
25.67
24.08
25.87
25.89
27.96
28.84
33.73
36.69
41.22
42.94
48.67
48.36
49.25
50.62
50.17
47.71
45.11
38.54
36.18
31.51
29.02
26.45
25.49
24.86
25.04
24.52
25.13
26.69
27.55
27.57
27.46
32.96
36.20
40.93
38.45
41.45
43.74
44.87
43.89
42.91
37.79
37.35
36.72
33.44
26.59
27.70
25.89
25.76
24.93
25.37
25.83
25.67
25.53
29.25
28.53
28.54
27.71
27.82
27.90
27.76
29.59
27.36
29.23
27.24
26.19
25.64
26.32
25.20
25.03
23.76
26.90
23.53
24.52
24.30
23.97
23.70
25.14
25.69
25.84
25.52
25.37
25.21
25.38
23.97
24.40
23.97
24.03
27.76
23.85
24.51
23.60
25.32
24.34
25.35
24.61
24.28
23.51
23.98
24.00
24.05
23.72
24.06
24.58
24.30
24.02
24.52
24.80
24.35
24.57
25.76
23.99
24.70
23.83
25.71
24.00
24.11
23.70
24.18
24.66
23.39
23.29
23.49
24.97
24.86
26.50
27.17
28.74
28.12
27.36
27.38
26.80
26.98
28.53
28.09
26.58
26.83
25.28
26.06
26.74
26.31
25.18
24.32
23.81
24.19
24.22
24.20
23.55
23.98
26.16
25.95
25.80
27.10
24.96
24.50
25.50
25.43
25.33
26.76
25.52
25.87
25.36
25.16
25.92
26.20
25.58
24.53
24.21
23.93
23.99
24.32
25.07
24.12
27.01
26.01
25.74
26.12
25.04
24.32
24.86
25.10
26.35
25.89
25.23
24.34
25.29
25.33
25.20
26.07
26.35
24.27
24.16
23.96
24.45
24.19
25.18
25.68
25.49
26.75
26.95
26.92
25.97
25.16
25.45
25.41
25.88
26.21
26.58
26.38
26.03
25.14
24.97
26.26
25.62
25.73
24.14
24.32
24.51
23.60
24.27
24.50
26.18
25.29
25.36
26.04
25.54
26.50
25.57
25.32
25.59
25.83
25.51
24.93
24.57
25.06
26.01
26.52
25.99
24.61
24.33
24.16
23.92
23.98
24.97
25.88
25.01
23.74
25.38
25.93
24.19
24.16
26.13
24.86
23.66
23.66
23.08
23.62
25.17
25.06
24.96
24.37
23.92
23.90
24.45
23.80
24.11
24.02
24.16
24.13
24.19
24.38
23.85
23.37
22.94
23.26
23.09
22.86
23.62
23.31
23.03
23.12
24.31
24.09
25.38
23.95
25.31
23.72
23.99
23.79
24.01
23.73
23.45
24.09
24.17
25.07
23.62
23.08
23.88
22.90
23.26
22.86
24.33
23.60
23.14
23.60
24.95
25.15
24.25
24.48
24.57
24.37
24.69
23.81
24.32
23.85
24.89
25.47
25.43
27.28
26.78
26.34
24.94
25.28
26.26
26.02
26.12
26.29
25.45
25.82
25.24
24.72
26.24
24.12
26.69
23.67
23.85
24.21
24.06
23.75
27.14
25.85
25.61
25.45
25.98
26.30
26.61
25.82
26.69
26.26
24.98
24.76
25.13
25.01
26.14
25.25
24.87
26.22
24.71
24.24
23.99
23.73
24.02
24.36
25.29
27.30
25.47
26.24
26.93
25.21
25.14
25.81
26.07
26.16
26.29
26.45
25.35
26.50
26.04
25.84
27.22
26.56
26.99
24.29
23.08
23.64
23.84
25.07
25.16
26.42
25.81
25.84
26.31
26.52
25.71
25.16
26.05
26.39
24.99
26.27
24.98
25.66
24.48
24.69
24.17
25.52
23.89
24.50
24.41
24.25
24.50
23.79
24.26
24.24
24.23
25.23
25.94
25.28
25.99
24.56
25.09
23.50
25.19
23.43
23.98
25.71
26.34
26.02
25.02
25.33
23.85
24.34
23.97
23.51
23.57
24.10
23.46
24.63
24.81
24.08
23.74
25.65
23.67
23.56
24.15
23.18
23.41
23.62
24.21
23.64
25.28
24.30
24.60
24.37
24.37
24.39
23.99
23.57
24.42
24.40
25.59
25.32
25.95
25.33
25.89
25.20
26.00
26.15
25.64
25.36
25.64
25.50
25.42
25.78
24.51
25.42
25.01
25.77
25.28
24.49
23.12
23.85
24.06
24.61
24.29
25.44
25.03
25.91
26.27
27.38
28.73
27.72
25.83
25.19
25.61
26.38
25.31
26.42
25.44
25.91
25.07
24.29
25.67
24.71
23.05
23.65
23.48
24.40
25.03
26.18
27.16
26.35
24.52
24.42
24.79
25.72
25.97
25.72
27.12
27.66
26.87
26.28
25.08
25.64
26.84
25.60
24.60
24.00
23.74
23.90
23.70
24.64
25.21
26.00
26.41
26.07
25.92
26.28
25.44
27.16
28.58
26.85
27.41
28.24
27.17
25.72
26.43
26.51
26.22
25.76
23.96
24.03
23.56
23.71
23.27
24.33
24.44
25.90
26.65
26.87
27.81
27.35
27.57
27.83
27.04
29.80
27.73
26.74
25.57
25.19
25.62
24.90
25.89
26.59
25.91
24.36
24.44
24.42
23.90
24.58
24.30
24.53
24.83
25.39
25.83
25.79
24.49
24.55
25.25
24.79
25.16
24.62
24.98
25.34
25.59
25.43
26.15
26.30
24.88
24.94
23.07
23.98
24.10
24.35
24.13
24.42
25.05
24.85
25.15
25.42
25.13
25.03
25.54
25.76
25.41
26.20
26.47
26.66
25.35
27.16
25.83
25.66
24.67
24.81
25.06
24.14
25.60
25.25
26.03
26.50
33.31
39.54
44.46
47.23
50.72
54.80
58.93
61.75
58.45
58.71
57.63
54.19
50.82
49.56
45.70
40.33
31.45
26.55
25.94
25.99
24.24
25.25
26.27
27.61
27.35
32.47
35.82
40.08
44.54
47.23
48.10
52.04
52.08
52.83
53.23
50.92
45.17
46.15
43.10
33.86
27.93
27.06
25.34
26.93
25.41
26.83
26.72
31.67
36.01
43.37
50.56
58.53
61.42
61.29
61.08
61.11
57.08
62.45
63.15
60.59
60.16
57.75
52.94
44.08
32.70
28.01
28.15
26.75
25.38
25.91
27.30
32.37
41.69
48.49
56.02
58.55
61.28
60.59
61.92
62.39
56.20
63.05
62.71
62.03
59.53
53.88
44.23
34.11
28.98
26.74
25.46
25.16
24.96
24.85
28.62
30.28
33.95
35.77
37.99
40.10
40.15
37.23
36.72
36.97
36.79
39.12
38.21
35.71
28.29
29.54
27.22
25.86
24.46
25.24
24.64
23.70
23.34
23.84
25.45
25.61
26.15
26.17
26.56
28.00
28.68
29.01
28.08
30.69
33.78
34.66
33.23
30.83
30.68
28.68
27.50
25.23
24.75
26.63
24.91
24.74
23.56
23.97
23.41
25.77
24.85
25.27
25.17
26.20
27.58
30.28
31.58
30.50
30.28
30.73
31.28
31.73
30.53
29.44
29.08
27.67
25.16
25.08
25.17
26.25
25.94
26.09
25.28
29.11
27.91
31.59
37.97
42.41
48.02
51.65
54.09
58.04
58.84
56.60
59.49
57.14
53.25
50.90
46.80
40.60
31.60
28.35
28.03
25.38
26.51
26.92
27.19
32.23
37.94
42.38
45.18
53.92
54.53
61.32
61.00
58.40
55.15
52.04
49.42
45.33
39.09
36.83
33.38
28.75
25.74
25.74
24.76
24.46
24.22
25.63
25.91
26.81
28.78
27.40
30.79
32.87
33.29
37.10
38.32
37.66
39.06
36.68
32.62
28.96
27.87
28.13
27.45
26.08
25.77
26.00
25.27
23.86
24.67
24.13
25.73
25.97
27.37
28.72
28.38
28.43
27.99
27.67
27.78
28.65
29.07
28.22
27.60
24.81
25.22
25.06
25.60
26.18
24.89
24.29
23.48
23.09
24.18
25.81
25.58
26.97
27.86
25.37
27.63
28.35
27.58
28.86
28.25
28.22
26.64
25.96
26.26
25.10
25.02
25.24
25.04
25.01
23.54
24.74
24.11
23.75
23.81
23.98
23.90
24.00
24.07
25.22
25.05
24.59
24.89
25.23
24.78
24.88
24.17
25.39
24.50
24.20
24.12
24.41
25.06
24.02
24.18
24.01
24.13
24.25
24.26
24.36
23.59
25.00
24.02
24.03
24.79
24.61
23.87
24.86
24.76
25.64
25.14
25.40
25.82
24.84
25.88
25.70
25.04
25.84
23.67
26.17
23.85
24.65
24.00
24.41
26.10
25.49
26.43
31.93
37.65
37.18
39.24
42.02
43.28
44.34
47.23
47.25
47.70
44.21
43.03
39.84
34.35
30.84
26.62
26.05
26.11
25.01
25.62
25.35
26.07
29.02
31.99
36.29
38.91
42.67
45.99
48.28
52.33
54.77
53.59
55.26
50.20
46.42
43.37
40.64
38.34
31.53
27.69
26.40
24.78
24.82
24.53
25.45
25.92
27.55
31.51
38.47
43.92
43.77
48.93
52.43
56.86
59.64
55.62
58.71
57.16
51.52
46.00
42.70
38.72
31.39
27.79
26.15
24.65
25.44
24.70
26.19
26.28
26.42
32.59
37.98
44.58
48.13
52.44
55.57
59.66
58.16
57.56
59.78
56.63
51.58
45.90
42.41
40.57
31.66
28.02
27.72
25.86
25.59
24.98
24.72
27.44
28.98
33.74
37.76
42.36
46.97
53.76
58.01
59.69
57.29
56.12
59.75
56.35
51.47
45.36
40.90
38.24
32.39
28.03
26.99
25.11
25.61
24.69
25.40
25.62
26.77
27.98
33.58
38.57
40.73
44.73
44.60
47.40
48.29
48.87
49.39
48.87
45.02
40.43
40.44
38.07
32.31
28.23
27.64
26.45
26.33
26.33
24.72
24.32
24.42
24.74
23.36
24.78
24.01
24.78
25.32
26.58
26.56
27.13
28.07
27.72
26.19
24.98
23.51
23.99
23.93
24.75
23.85
23.94
24.33
24.13
23.97
25.53
25.22
26.49
26.32
26.44
25.00
25.67
27.05
28.84
26.39
28.90
27.04
27.38
26.01
28.12
25.84
25.63
26.02
27.15
24.22
24.53
23.24
24.38
26.31
25.31
26.97
27.41
29.52
28.03
30.47
30.71
30.61
31.40
32.68
32.25
31.53
31.88
32.76
31.33
31.98
31.82
27.93
24.82
25.10
24.69
25.24
24.26
25.36
23.81
24.04
24.94
25.85
25.33
26.75
28.20
30.31
30.75
30.87
30.93
31.45
34.10
33.03
31.60
27.83
26.26
26.21
25.18
25.07
24.26
23.64
24.33
24.54
24.97
26.40
25.59
27.06
30.18
30.17
30.64
30.29
31.81
31.83
32.13
31.64
32.33
31.77
29.09
28.54
26.86
25.03
23.67
25.68
23.32
23.21
22.96
23.21
24.05
26.55
25.00
26.11
27.43
28.98
30.37
29.42
30.24
29.76
31.43
31.49
31.22
29.06
28.44
27.44
26.80
25.69
25.21
24.58
24.56
23.82
22.79
23.00
24.79
24.51
24.09
25.87
28.52
32.20
37.77
39.62
41.57
43.46
44.75
45.63
46.12
43.20
45.09
43.22
41.86
36.07
29.55
27.76
26.66
26.43
25.08
24.48
23.48
25.88
25.69
28.52
30.21
37.61
40.12
43.94
47.48
47.92
42.65
41.63
41.65
38.22
35.17
34.10
32.98
30.53
27.97
25.81
25.69
24.82
25.57
25.60
26.17
28.59
36.55
45.65
53.63
62.60
60.53
62.15
63.46
64.62
65.11
65.29
63.42
61.79
60.04
57.37
51.59
42.11
34.16
28.11
26.43
24.93
25.64
25.88
27.53
32.40
41.10
48.52
53.11
62.53
61.58
63.67
61.33
61.10
59.48
63.20
63.73
62.61
57.67
50.27
44.87
34.37
29.87
26.26
24.65
24.55
24.61
25.89
26.19
27.26
27.60
32.79
35.60
36.49
36.76
40.14
42.30
43.96
43.13
42.91
39.42
35.78
31.55
30.07
29.95
27.99
26.25
24.86
24.21
24.24
24.08
24.72
26.36
25.66
25.97
27.55
31.74
34.75
35.97
35.16
36.98
37.67
37.44
36.66
36.21
30.92
27.35
26.96
28.22
26.73
25.15
24.87
23.95
23.67
24.86
24.66
24.87
26.41
26.50
27.46
29.93
35.22
33.25
36.59
38.60
37.08
37.55
37.42
36.07
32.18
28.02
27.87
26.99
25.45
26.43
24.85
25.23
22.78
24.05
24.92
24.54
26.05
28.29
26.25
28.36
30.46
28.39
28.00
27.65
28.78
34.04
34.14
33.03
28.84
27.67
28.58
27.57
25.23
25.80
24.78
25.29
23.82
23.69
23.82
22.67
23.70
24.82
27.06
26.38
27.03
28.63
30.59
35.55
35.94
37.69
37.43
39.09
36.55
34.40
31.98
31.00
27.18
28.40
25.80
25.58
26.13
25.74
26.55
25.42
26.70
33.60
39.30
41.24
46.26
49.10
53.94
60.92
59.71
60.37
60.18
58.11
53.38
49.09
47.34
45.90
38.60
31.07
25.86
26.66
26.79
26.00
25.90
26.81
32.26
38.78
43.35
49.32
49.27
50.07
53.59
56.12
59.14
63.25
58.67
60.14
59.23
57.34
54.15
47.63
40.25
31.43
27.32
29.66
25.03
25.14
27.41
28.53
31.99
39.30
43.40
46.15
45.77
47.08
48.63
53.22
57.22
58.28
60.69
58.99
58.38
53.90
51.44
45.29
37.18
31.91
28.33
27.99
25.74
25.49
26.22
26.98
30.87
38.17
42.63
52.10
57.73
59.23
57.02
57.41
54.76
56.23
58.18
58.09
58.71
56.63
54.69
49.31
46.26
35.58
33.49
28.52
27.12
25.52
27.81
30.81
34.49
42.36
45.88
53.21
57.03
58.12
61.80
65.71
65.95
61.62
67.21
62.80
61.18
58.27
56.54
51.97
45.12
38.88
33.09
28.08
28.70
28.11
28.14
28.95
27.94
31.56
38.51
45.01
53.72
58.13
62.66
59.99
61.20
58.09
62.11
62.66
53.08
49.84
47.27
42.77
37.98
36.50
27.24
26.85
25.33
25.80
25.23
24.38
26.01
27.22
33.62
39.41
48.56
54.81
60.02
60.95
56.98
57.44
52.14
49.08
44.35
44.82
43.03
40.71
34.86
30.49
28.42
26.65
25.65
24.79
26.83
27.10
31.94
43.53
53.53
60.06
61.29
67.12
72.05
75.00
72.34
68.07
64.11
60.49
54.82
51.43
51.75
48.69
41.50
31.70
27.89
26.74
25.96
25.85
26.53
28.25
31.94
42.23
48.73
56.91
61.16
59.93
62.39
67.73
66.86
66.32
68.29
64.98
64.02
64.12
62.20
58.68
36.62
39.55
30.55
27.72
27.90
25.50
28.14
28.67
30.67
36.62
37.24
41.72
44.13
43.15
41.82
44.37
47.54
47.08
42.66
40.15
36.97
33.40
32.24
31.11
28.60
26.26
24.80
24.14
23.00
24.01
23.76
25.13
27.60
28.84
30.82
35.81
37.51
39.59
42.37
43.02
41.77
41.89
41.69
38.87
36.06
32.87
28.53
29.51
27.57
25.49
24.89
25.99
23.72
25.55
25.95
25.65
25.89
26.82
27.64
30.32
34.22
35.48
36.76
38.51
37.48
37.45
36.31
37.77
33.51
29.93
29.17
28.39
27.53
25.50
24.09
26.99
23.62
23.64
24.10
25.35
24.76
24.23
26.86
28.21
27.36
29.16
29.90
29.87
30.06
29.93
30.31
29.84
29.83
30.38
30.24
30.06
27.51
25.10
25.27
24.42
24.48
25.41
25.18
25.13
25.26
25.52
24.94
26.67
33.20
38.54
43.46
45.98
48.23
49.84
48.65
48.77
46.42
43.00
44.36
42.58
32.18
28.21
27.69
24.94
25.88
25.60
26.40
27.75
31.30
37.39
46.03
52.50
59.49
63.39
63.20
65.62
67.94
71.19
70.47
67.84
63.13
59.59
60.69
55.95
46.54
40.62
32.45
27.47
26.72
25.13
27.59
31.69
37.86
44.13
52.41
62.16
66.69
72.61
72.48
76.69
81.20
77.70
80.33
77.22
72.14
68.68
66.98
62.03
55.24
45.04
39.30
34.30
31.17
29.23
30.94
34.62
39.90
48.64
56.25
61.96
63.26
70.02
73.30
74.22
71.41
75.61
74.42
73.22
66.49
62.95
52.74
59.03
53.81
44.76
36.83
32.01
28.31
26.88
30.35
32.53
38.00
44.18
46.36
50.22
52.23
52.38
55.38
58.38
59.51
57.95
61.45
61.07
59.75
52.97
53.47
47.97
41.35
33.12
27.79
27.45
25.58
24.88
26.24
27.91
32.51
37.39
43.85
49.04
56.30
60.64
59.22
60.14
57.23
60.03
61.80
61.87
55.42
50.58
45.90
41.75
33.18
27.88
25.81
24.56
27.08
24.51
24.44
24.93
25.20
28.03
28.88
31.87
40.01
43.87
44.51
48.46
50.81
51.74
51.43
49.21
47.94
44.88
41.91
37.94
31.96
28.72
25.38
25.29
24.72
24.35
25.02
25.73
25.14
25.75
27.87
31.69
38.21
41.63
47.95
50.41
52.41
53.04
52.90
52.04
51.23
48.19
48.96
44.81
37.30
29.58
27.85
27.65
27.95
25.97
26.99
26.88
31.23
37.46
46.70
53.88
61.30
61.78
63.31
66.18
71.49
72.42
71.20
71.63
65.92
60.78
58.93
57.96
47.90
39.33
33.22
27.91
28.77
27.28
28.40
31.67
36.65
44.35
52.08
57.50
62.40
68.89
71.22
77.56
76.30
72.49
76.43
75.26
70.30
68.05
67.04
62.80
55.30
46.82
39.85
38.42
34.95
32.49
36.13
39.11
44.53
52.77
60.02
59.46
66.85
70.99
70.65
72.30
73.80
74.27
72.11
73.66
71.23
61.38
64.78
62.67
54.69
45.42
39.11
34.47
33.67
29.85
30.85
35.48
42.24
50.53
57.06
56.01
67.91
70.69
77.52
80.67
79.28
79.86
78.19
75.00
68.26
67.59
57.52
51.71
44.79
37.78
30.54
28.11
27.98
27.40
26.88
28.57
31.69
33.73
36.06
39.24
42.13
43.64
45.98
44.75
45.25
45.29
42.72
41.50
35.20
29.51
30.25
29.20
27.70
25.56
24.23
23.94
26.25
23.75
24.63
24.71
26.15
25.73
25.54
27.22
27.22
28.78
28.54
29.47
30.43
30.81
31.85
31.58
28.66
28.09
26.78
25.87
25.87
25.83
26.34
25.04
24.11
25.01
22.93
23.10
24.53
26.21
24.42
24.66
25.25
27.20
29.71
30.26
31.31
30.10
31.84
31.02
30.64
30.26
30.88
29.18
27.26
24.80
24.73
24.91
25.46
24.97
24.30
25.77
26.85
30.79
33.19
36.67
36.68
39.44
42.15
42.91
43.54
40.25
40.85
37.24
33.41
29.47
31.98
29.26
25.32
25.78
24.70
24.97
24.09
24.75
23.37
25.29
25.98
27.48
28.70
27.99
31.51
32.96
35.32
36.33
36.21
37.78
36.67
34.60
30.06
30.42
30.83
27.62
25.73
25.08
25.34
25.85
24.64
23.56
24.22
26.05
25.62
27.34
29.26
29.36
31.17
32.27
33.74
34.35
31.94
29.92
31.00
30.45
30.11
30.93
29.22
27.94
26.35
24.97
25.17
25.84
25.94
24.22
25.31
26.44
27.39
28.01
27.06
30.61
32.03
29.69
29.01
29.26
29.09
29.43
28.98
30.38
30.30
27.13
29.37
28.34
25.26
26.03
24.63
25.33
23.66
23.12
26.34
23.72
26.23
26.98
28.82
29.36
28.22
28.03
32.91
34.12
34.37
35.34
31.23
29.87
29.12
27.91
28.25
28.80
25.56
27.31
24.82
24.73
25.10
24.29
25.77
24.02
24.26
25.56
24.88
25.88
26.53
27.12
28.34
29.39
28.24
28.18
28.49
27.31
27.22
26.13
25.24
24.86
24.22
23.24
24.02
23.54
24.06
23.88
23.89
23.96
23.91
24.11
25.59
24.09
24.70
24.17
24.77
24.10
23.79
24.73
23.43
23.40
23.88
25.96
24.49
24.98
23.72
25.17
24.17
23.46
22.71
23.53
25.03
25.96
25.68
25.72
27.47
28.09
28.15
31.49
34.33
32.90
34.11
35.34
35.78
31.43
30.14
30.16
30.51
28.12
25.04
25.15
24.66
23.72
24.70
23.80
25.54
24.63
25.86
26.56
27.55
28.51
33.04
34.49
39.32
40.11
40.67
40.18
37.55
34.51
31.48
34.84
32.70
30.25
28.12
24.48
25.20
23.33
24.21
24.13
23.65
26.81
27.76
29.38
33.33
36.25
41.21
45.50
50.37
53.20
56.22
54.25
55.50
52.83
49.51
47.73
44.58
36.28
30.98
29.09
27.30
24.94
26.16
23.88
25.48
26.79
28.65
31.49
35.23
36.35
39.69
41.71
45.24
45.49
43.72
43.81
44.61
41.74
37.39
37.76
36.10
31.10
27.91
25.90
25.68
25.21
24.37
24.45
25.28
27.82
28.80
27.19
30.61
35.36
37.95
42.36
44.74
43.00
43.77
45.38
42.70
38.35
38.31
35.78
35.74
30.71
29.63
27.56
26.45
25.16
24.96
25.25
25.53
24.75
26.52
25.79
26.74
28.73
28.17
29.12
29.75
30.67
30.21
30.50
31.35
31.13
29.55
28.78
28.46
30.34
28.73
25.77
24.58
26.00
25.12
25.13
23.73
23.44
24.79
26.83
24.81
25.34
26.92
29.47
29.48
31.34
33.89
35.26
35.93
32.78
30.40
32.55
30.89
29.37
28.39
25.32
25.53
24.93
25.10
25.04
26.26
26.70
29.16
28.30
32.10
38.07
41.33
44.27
48.09
50.27
50.62
51.47
52.33
50.88
46.93
48.41
47.35
40.36
31.53
28.41
28.51
24.34
24.68
25.09
25.62
25.61
26.08
31.38
33.05
35.97
40.67
46.10
45.47
45.82
45.60
47.24
47.20
46.21
39.04
42.53
36.42
32.89
27.85
25.74
25.98
24.53
24.36
24.21
24.39
25.46
25.20
27.05
27.44
32.59
37.52
41.40
43.15
46.14
46.56
45.52
46.98
46.22
43.61
40.48
38.95
32.87
27.90
25.67
24.39
25.01
23.70
24.39
24.25
25.15
26.81
30.98
35.12
40.11
44.87
44.85
49.00
49.65
51.14
54.32
53.15
50.74
50.07
49.47
46.20
39.42
30.45
26.69
26.26
24.30
24.20
24.42
25.20
25.00
27.24
31.77
35.41
35.56
38.56
39.87
39.85
40.49
39.36
39.45
34.63
31.23
29.21
27.87
26.75
25.87
26.14
24.38
23.67
25.02
24.70
22.89
23.10
23.26
23.83
23.70
24.91
23.90
23.92
25.20
24.17
23.30
24.24
23.60
24.17
24.26
23.06
24.40
24.24
25.01
24.57
24.94
23.63
23.73
24.02
23.78
23.27
23.72
24.29
25.02
24.74
25.00
23.57
24.53
23.64
24.89
25.58
25.44
25.79
25.64
24.64
24.63
25.57
24.38
25.12
25.23
25.23
24.28
24.32
24.16
24.22
24.08
23.77
24.61
26.80
23.75
24.80
26.52
28.28
30.19
30.21
30.04
31.85
31.84
30.44
31.86
33.08
30.12
28.68
24.89
24.16
25.30
24.66
25.51
25.65
26.54
27.02
28.04
31.72
36.96
37.24
40.18
42.13
43.86
45.23
44.99
42.46
38.97
35.07
33.11
32.23
30.34
27.36
24.57
24.69
25.11
24.32
23.66
25.19
25.64
27.04
26.25
29.26
29.48
32.71
36.84
38.24
39.52
40.16
39.99
41.71
39.32
38.12
37.57
35.31
31.38
27.50
25.62
26.70
25.33
26.57
24.60
24.93
26.53
27.22
29.05
28.49
33.17
35.74
42.83
46.92
47.52
50.77
48.44
50.71
46.12
43.02
45.72
41.10
36.11
28.24
27.89
25.16
25.45
24.69
24.47
25.64
27.61
31.48
33.02
38.49
45.43
49.23
53.56
58.27
59.59
61.25
59.61
60.09
53.03
49.44
49.55
47.80
43.41
32.97
26.30
26.22
26.19
25.61
24.74
25.72
24.93
26.16
26.81
29.81
33.46
36.28
34.55
36.32
36.52
35.75
36.39
35.25
35.03
29.30
29.43
28.78
27.19
25.40
25.56
25.10
23.83
23.80
23.93
23.53
25.21
24.48
27.03
25.26
24.31
26.50
26.05
25.97
26.12
25.40
24.45
24.09
23.94
25.13
25.18
24.36
25.98
23.64
25.36
23.92
23.88
23.85
24.17
24.30
24.60
24.62
25.91
27.14
28.69
28.42
28.72
28.07
26.72
27.73
27.39
28.44
29.51
27.94
27.96
28.57
25.47
26.10
24.96
24.45
23.87
22.97
23.21
24.97
26.30
25.08
26.72
27.60
30.18
28.49
28.98
27.49
28.00
27.90
27.73
28.88
27.31
27.94
27.42
28.40
27.53
25.07
24.86
24.23
24.44
23.16
23.44
25.44
27.66
25.29
26.79
29.13
28.33
33.69
35.07
35.65
34.96
38.14
38.48
38.54
36.45
36.94
36.37
32.49
28.63
32.44
32.46
25.75
24.03
23.78
23.99
24.52
26.23
26.23
27.88
27.64
28.15
28.08
28.09
27.73
29.59
32.11
31.51
30.50
28.01
27.92
27.36
27.72
25.25
27.03
25.26
25.84
23.27
22.97
23.35
24.69
26.15
25.72
27.17
26.54
25.98
25.93
24.73
24.91
25.27
26.82
26.57
26.36
29.68
26.91
25.61
25.16
26.46
25.06
25.28
23.92
24.16
24.21
23.62
24.43
23.62
23.89
24.77
24.33
25.41
25.78
24.52
24.94
24.26
24.83
24.21
23.31
23.85
25.52
23.70
24.58
25.24
25.13
24.14
24.75
24.38
23.81
23.68
23.99
23.81
24.01
24.48
24.25
24.04
24.14
23.86
25.78
25.16
24.20
25.10
24.90
24.69
25.16
24.15
26.45
24.73
24.35
23.51
24.84
24.01
23.79
24.10
25.44
25.18
25.98
24.46
24.89
26.58
27.95
28.26
27.93
28.06
28.83
25.71
24.77
25.13
27.34
27.69
28.33
26.32
24.97
24.80
25.08
23.45
23.52
22.92
25.15
25.18
26.04
27.19
26.60
28.14
27.71
28.19
28.55
27.49
27.15
27.74
27.69
25.57
28.05
27.95
27.08
26.83
25.66
24.83
24.70
24.03
23.68
24.20
23.72
25.66
26.54
28.71
28.24
29.00
27.62
26.70
26.58
27.45
28.68
28.79
29.63
26.89
27.69
27.83
27.73
26.92
26.12
23.90
23.98
24.58
23.77
22.67
24.48
24.26
25.87
25.58
25.52
26.36
28.74
27.55
28.23
28.17
29.27
28.61
28.04
27.64
27.91
28.56
26.42
26.26
27.37
25.26
25.76
24.23
24.23
24.16
26.30
24.84
25.82
26.85
27.74
29.02
28.04
28.21
27.16
27.72
28.02
26.85
25.62
26.04
26.59
25.18
26.94
28.90
25.80
24.78
24.46
24.47
23.94
23.92
24.13
24.53
24.71
23.86
25.54
25.74
24.63
23.76
25.54
25.75
23.87
24.32
24.32
24.35
25.34
25.13
24.78
25.38
24.51
24.80
23.99
24.47
24.20
23.81
24.33
24.34
24.03
23.86
25.16
27.67
24.49
24.33
24.05
24.96
24.32
24.72
25.29
25.07
25.55
24.68
25.40
24.34
24.03
24.15
24.16
24.13
24.47
24.61
24.31
25.34
26.83
25.60
26.18
25.37
25.39
25.62
25.89
26.30
25.43
25.49
27.36
26.05
26.68
25.55
26.36
26.91
25.04
23.76
23.60
23.39
23.35
23.86
25.36
26.91
26.88
25.09
25.58
26.34
25.24
26.51
25.97
25.72
26.40
27.24
26.62
26.30
26.58
25.15
27.73
25.68
27.62
25.21
24.32
23.52
23.28
23.46
25.23
26.88
25.10
25.26
25.53
25.93
25.48
25.85
25.79
25.30
25.50
25.33
25.84
25.22
24.87
28.51
25.27
25.31
26.21
24.89
24.31
23.81
24.41
23.75
24.28
26.21
25.37
25.08
25.52
26.72
25.48
24.13
25.20
25.57
25.88
25.36
24.74
26.07
26.02
26.34
26.09
27.11
24.43
23.90
24.96
23.25
24.05
23.84
23.74
26.18
27.16
25.83
26.45
26.71
25.70
25.14
25.11
25.43
25.53
24.58
25.90
25.99
25.28
28.09
26.59
25.35
26.07
24.13
23.71
24.23
25.31
24.12
24.04
24.00
24.15
25.11
24.58
27.62
27.59
26.94
25.37
25.07
25.12
25.33
25.40
24.76
25.66
24.16
26.27
23.78
24.76
24.22
24.10
23.88
23.62
23.18
23.82
24.55
24.17
24.68
24.78
24.90
25.02
24.69
23.69
23.80
24.43
24.06
23.63
25.11
25.59
24.96
25.48
25.65
24.74
23.83
24.39
24.51
24.12
24.03
24.32
25.43
25.67
25.78
25.19
25.98
27.29
29.12
28.45
27.96
27.42
28.64
26.83
26.92
28.00
27.87
27.51
25.52
26.15
25.21
24.95
24.05
24.27
24.91
24.78
24.89
26.04
25.82
26.98
28.40
28.71
29.71
27.10
27.38
27.97
27.77
27.65
27.44
27.81
28.36
26.33
25.95
26.06
24.56
24.50
23.48
24.15
24.16
25.26
24.83
26.56
25.63
27.74
27.83
28.73
28.41
27.51
28.28
27.73
27.94
28.11
29.36
28.74
28.67
27.59
26.80
23.84
25.40
24.06
24.01
24.16
24.69
24.77
27.36
27.51
26.21
25.89
25.63
26.10
25.33
27.58
25.69
26.01
25.06
25.82
25.61
27.41
26.93
25.95
27.08
26.31
24.32
23.72
24.74
24.04
24.19
24.11
24.89
26.25
27.09
25.62
25.93
25.19
25.93
26.25
25.66
25.57
24.69
26.42
26.42
25.48
25.14
25.95
25.89
25.44
24.77
24.08
24.83
24.60
25.06
25.33
23.77
23.98
25.86
24.48
24.50
25.95
26.55
24.83
24.45
23.74
23.29
23.56
24.78
25.59
26.51
25.66
26.22
24.51
23.98
24.50
24.49
24.11
23.44
24.28
25.04
24.49
24.11
22.80
23.33
22.92
23.02
23.13
23.13
23.85
23.47
24.01
25.15
26.16
25.18
24.53
24.26
24.80
24.92
25.44
24.65
23.50
24.33
23.85
25.18
25.71
25.57
24.92
25.88
25.62
26.45
26.10
25.63
24.98
25.02
26.80
26.58
25.74
26.57
27.32
25.81
24.66
24.26
23.83
24.23
23.94
24.65
24.91
24.43
25.81
26.61
26.29
27.91
24.99
25.61
26.27
25.59
25.48
25.65
25.25
25.41
27.03
26.86
26.54
26.29
25.48
24.29
24.44
24.50
24.27
24.82
24.78
25.94
26.92
25.66
24.83
26.17
27.93
27.11
26.12
27.82
26.43
26.96
26.05
29.22
28.92
27.70
25.47
26.62
25.53
24.24
24.31
24.21
24.57
24.30
25.05
24.60
25.68
25.48
26.32
26.15
26.42
25.77
25.54
24.85
25.01
26.49
26.46
27.11
25.78
25.93
25.47
26.81
25.97
25.28
24.13
24.21
24.32
24.29
24.60
24.82
25.42
25.75
26.01
25.26
25.84
24.47
25.50
27.71
26.41
26.10
26.39
25.79
26.89
25.79
24.85
25.46
25.68
24.31
23.96
24.16
24.90
23.35
24.65
23.78
23.85
25.22
24.44
25.96
23.64
24.61
24.60
24.63
24.99
25.00
24.63
24.51
24.93
25.74
25.73
25.43
25.13
24.97
24.69
23.61
23.90
23.92
24.80
23.72
23.70
23.95
23.77
23.08
23.03
22.46
22.71
23.04
23.74
23.49
24.16
25.04
23.99
25.12
25.69
24.99
24.29
24.00
24.09
24.44
23.36
24.24
24.57
24.53
26.77
25.95
26.37
27.58
24.92
25.33
25.68
25.54
25.67
25.73
25.54
26.76
28.74
26.60
25.33
25.27
26.14
24.33
25.41
23.80
24.43
24.01
24.31
24.71
25.06
25.60
25.39
25.59
26.07
25.25
26.67
26.35
25.45
26.76
25.99
27.39
27.50
27.34
26.58
25.62
26.35
24.15
25.07
23.11
23.28
23.60
23.83
25.51
26.13
26.78
24.61
25.19
25.25
25.97
24.90
25.19
25.94
25.31
25.58
25.68
27.38
27.81
26.34
26.60
25.13
24.09
24.59
23.36
23.99
23.51
25.39
26.66
25.83
25.17
24.63
25.43
25.63
24.81
25.36
25.33
25.47
26.68
26.48
26.52
27.73
26.65
26.48
25.46
26.92
24.92
23.57
24.45
24.19
24.60
24.60
24.86
26.37
26.16
25.69
25.47
25.64
26.60
25.99
25.55
25.54
25.28
25.15
28.20
26.42
26.18
25.94
25.68
25.62
24.15
24.11
24.85
23.81
23.82
24.27
24.53
25.02
23.34
25.06
23.79
25.19
26.14
23.83
25.26
24.86
24.78
23.57
26.18
26.59
24.22
26.09
25.39
24.54
24.02
24.03
24.08
24.04
23.32
23.63
24.03
24.45
24.70
24.15
23.47
23.46
23.68
23.38
22.97
22.74
22.63
24.98
24.15
24.19
25.55
24.36
25.55
24.93
24.35
23.47
23.52
24.17
24.05
23.78
25.35
27.14
25.65
26.35
25.23
25.13
25.70
25.19
25.99
26.66
25.33
26.00
27.43
27.69
27.06
26.08
27.19
25.41
24.56
24.04
24.68
24.25
24.09
24.63
24.20
26.12
25.50
25.54
27.27
27.76
28.38
27.55
26.97
26.48
25.24
25.81
26.47
27.27
28.58
26.91
26.52
25.72
23.77
24.36
24.59
24.03
24.15
26.48
25.29
27.11
27.44
26.39
28.05
27.98
27.80
27.81
29.90
27.66
25.71
25.37
26.02
27.65
27.26
25.34
25.96
25.27
27.76
24.82
24.47
23.97
24.64
24.57
24.85
27.54
28.26
27.75
28.66
27.99
28.17
28.21
29.05
28.44
27.41
29.42
28.70
27.92
28.07
25.94
26.28
26.27
25.17
23.51
23.90
23.24
23.98
24.98
25.38
27.39
27.96
26.93
28.66
27.85
28.78
27.59
28.80
27.74
25.18
25.88
28.55
30.58
27.13
25.74
26.61
25.81
24.31
24.33
23.71
23.19
23.20
23.59
25.83
25.02
24.75
24.74
24.17
24.87
24.38
25.01
25.34
24.35
23.90
24.93
24.97
24.57
25.19
25.25
24.22
24.71
25.20
23.69
23.78
23.62
24.01
24.14
24.57
24.15
24.27
25.19
26.73
23.65
23.94
24.97
23.59
23.26
26.01
26.73
25.24
25.37
24.53
24.91
25.49
24.08
24.11
24.11
23.85
24.14
24.71
24.97
26.44
24.40
25.26
25.87
24.93
24.67
25.62
25.91
25.52
25.87
26.61
27.07
29.05
28.21
26.53
26.09
25.91
26.62
24.91
23.75
23.89
24.22
24.12
24.21
25.30
25.50
26.42
25.40
25.45
25.75
24.91
26.48
24.87
25.52
27.37
27.83
27.44
28.83
28.59
28.82
27.46
26.68
24.79
23.22
24.09
24.05
24.01
24.04
25.72
25.37
25.44
25.97
25.59
25.80
26.29
26.01
25.06
25.24
25.40
27.49
27.86
27.72
26.34
26.51
26.27
27.11
24.45
24.31
24.34
24.34
24.70
25.03
25.36
26.58
26.42
27.23
25.09
25.65
26.11
25.01
24.84
24.92
26.36
27.50
27.54
28.28
26.96
27.22
26.81
25.39
24.73
24.17
23.90
24.12
24.16
24.59
25.30
26.71
27.00
25.85
25.52
24.98
25.83
24.97
25.70
26.37
25.91
27.46
26.13
26.16
25.93
25.25
25.88
24.62
25.45
24.52
23.90
23.35
23.53
24.31
24.21
23.55
24.89
23.29
25.90
26.35
25.50
25.39
24.87
24.36
23.20
24.97
24.09
24.49
25.25
26.91
24.31
24.56
24.39
23.97
23.36
23.51
23.14
23.50
24.23
24.12
23.65
24.61
23.34
23.59
23.52
23.25
23.47
23.43
24.36
25.00
24.77
24.49
25.64
26.50
26.44
25.96
24.67
24.36
23.55
23.32
24.72
24.34
24.29
25.21
25.81
26.07
26.81
27.04
25.59
25.82
25.53
26.67
26.95
27.40
29.72
27.54
27.47
26.56
25.31
25.38
24.71
23.29
23.90
24.35
23.97
24.86
26.08
25.98
26.17
26.01
26.19
25.38
24.98
25.48
24.98
25.83
26.03
28.01
27.62
27.36
27.03
25.56
25.72
25.56
24.07
24.54
24.52
24.25
24.49
24.52
27.48
25.08
25.95
26.23
26.35
24.85
24.28
25.04
24.56
25.37
25.59
28.82
28.12
28.82
26.86
25.77
26.12
24.83
24.03
24.10
24.13
24.11
23.94
24.63
24.72
25.11
25.72
26.54
25.96
25.29
24.78
24.68
24.83
24.79
25.86
27.13
28.26
28.37
27.37
25.75
25.76
25.42
24.84
24.65
23.50
23.32
24.37
25.34
26.06
26.18
25.49
24.77
26.00
24.98
26.40
26.21
27.72
25.33
26.54
26.96
29.89
25.87
25.89
25.52
26.02
25.47
24.97
23.82
24.81
24.12
24.55
24.11
24.56
25.64
24.28
24.65
24.73
24.18
24.75
23.67
24.30
23.99
25.25
25.68
24.57
24.44
25.37
24.57
25.63
24.41
24.47
24.03
24.76
23.70
23.38
23.93
24.31
24.12
25.56
24.64
23.24
22.76
22.89
23.25
23.14
22.97
23.84
26.13
25.22
24.33
24.92
24.20
23.92
24.94
24.23
24.72
24.16
24.12
24.93
26.88
25.88
25.16
25.26
26.07
26.54
25.40
25.64
25.45
26.82
25.84
26.04
26.76
27.83
28.89
26.62
28.04
26.22
25.52
25.09
23.71
23.65
23.73
23.84
24.09
24.72
25.80
25.39
24.85
26.28
24.71
25.92
25.36
24.90
27.56
30.05
27.44
27.75
27.64
26.46
26.43
25.47
24.85
24.72
24.18
24.52
24.19
24.48
24.58
24.70
25.88
25.96
25.93
24.94
24.70
24.80
25.01
25.36
25.91
27.08
28.06
27.98
28.66
26.66
25.94
25.98
24.30
23.94
24.56
24.47
24.72
24.18
24.82
23.98
26.20
26.00
25.85
26.80
25.37
25.38
26.53
26.74
25.57
27.33
28.67
28.05
28.20
26.99
26.48
27.84
25.67
24.86
24.21
24.33
24.46
24.00
24.66
24.05
24.90
23.60
24.50
23.98
23.87
23.98
25.13
24.25
23.39
23.95
25.57
25.09
26.71
25.23
24.76
24.48
24.26
24.16
24.24
24.14
23.29
23.55
23.64
23.69
23.76
24.95
24.29
23.84
24.52
23.28
23.91
24.11
24.34
24.26
25.62
24.92
25.04
25.09
25.13
25.89
24.86
24.36
23.98
24.23
24.38
24.06
24.92
25.47
25.16
24.50
25.69
25.54
24.72
25.63
24.70
25.29
25.68
26.31
28.10
27.10
27.28
26.36
26.10
24.73
24.88
24.60
24.04
23.50
23.35
23.68
23.78
24.80
25.91
26.72
26.15
25.78
25.16
25.74
25.42
26.85
27.09
27.05
27.44
27.83
28.09
27.45
27.56
25.89
25.69
25.47
26.09
26.07
22.87
25.80
23.70
26.30
26.01
27.02
26.75
25.56
26.19
25.47
25.85
25.67
25.22
26.04
28.05
27.59
27.72
28.76
26.37
25.29
25.95
24.87
23.97
24.75
24.30
24.37
24.02
25.14
24.59
25.85
25.24
25.35
25.52
25.22
25.52
27.86
25.72
26.35
28.57
29.19
26.44
26.38
26.02
25.49
24.02
24.33
24.11
24.88
24.36
23.55
24.39
24.22
23.76
25.47
25.04
23.03
24.11
23.49
24.52
24.55
24.27
24.16
24.98
25.16
23.86
22.84
24.22
23.94
24.39
23.67
23.72
24.27
24.19
23.69
23.56
24.42
24.12
25.00
24.66
23.92
24.44
24.44
24.16
24.52
24.49
24.42
25.63
24.32
24.67
25.79
25.47
24.58
25.33
24.05
24.12
24.26
24.18
23.24
24.14
24.39
24.25
25.12
24.54
24.86
24.17
24.69
24.90
24.16
23.52
26.07
25.35
24.75
25.09
24.98
24.74
24.51
24.28
24.84
24.00
23.51
23.52
24.32
23.80
23.85
24.61
25.23
24.14
25.16
24.47
24.05
23.77
25.27
25.05
24.75
27.22
24.09
26.04
26.10
26.42
24.56
25.00
24.21
24.07
24.29
24.44
24.49
24.88
24.92
25.44
25.66
25.12
25.53
26.21
26.42
24.97
24.77
25.31
27.43
28.89
28.74
27.98
28.32
26.78
25.29
24.48
25.29
24.57
24.02
24.31
24.46
25.40
24.86
25.07
25.02
25.14
25.43
25.86
28.48
27.75
28.53
29.75
29.48
31.40
34.05
32.66
29.14
28.78
26.52
27.36
23.95
23.16
24.92
23.19
24.17
25.98
26.26
26.61
28.64
28.00
27.95
27.31
27.29
26.58
27.68
28.52
27.37
34.57
34.02
29.76
28.42
27.85
26.25
26.53
24.28
23.79
26.07
22.68
24.41
24.89
25.22
26.46
27.91
27.12
27.72
26.65
27.84
27.01
27.26
27.60
27.55
31.83
32.08
29.72
28.40
27.93
27.13
28.33
25.43
24.03
23.64
23.25
24.19
24.26
25.30
25.86
26.97
29.62
28.31
28.25
27.75
26.96
28.58
28.96
27.33
28.87
27.61
27.95
28.54
27.33
24.72
24.64
26.96
25.44
23.54
23.74
24.05
23.76
24.53
24.59
24.64
24.47
25.21
24.82
25.91
24.05
24.77
24.64
26.88
26.80
25.00
25.27
25.64
25.12
27.33
25.34
25.68
23.88
23.94
24.33
23.72
24.54
24.28
23.56
24.98
24.38
23.37
23.75
23.43
23.79
23.01
23.88
25.73
26.24
26.32
25.12
25.60
25.16
24.59
24.18
24.05
24.46
24.44
24.26
24.44
24.96
25.85
25.63
25.40
24.31
25.08
25.81
26.54
25.58
26.72
25.96
28.30
31.21
32.39
28.30
28.09
28.59
25.54
24.65
23.22
23.55
24.22
24.12
25.03
24.93
24.49
25.27
26.31
25.89
24.58
25.90
24.68
24.42
26.77
26.44
27.39
31.02
32.29
29.00
28.18
28.38
25.67
25.37
23.31
23.89
24.10
24.49
24.34
25.52
25.52
25.35
25.93
25.96
25.21
25.18
25.66
26.62
26.05
25.33
26.77
30.42
32.05
30.61
27.55
26.37
25.56
25.00
24.50
24.21
24.13
24.50
24.61
24.10
25.29
25.35
25.83
26.43
24.93
25.67
27.12
26.08
25.58
26.47
27.61
30.30
31.38
27.97
27.21
27.28
27.03
25.43
25.90
23.71
23.64
23.23
23.71
24.67
26.61
25.05
25.39
25.53
26.93
25.90
24.77
25.20
25.02
26.32
26.79
28.61
28.79
28.04
27.49
26.78
26.15
27.09
25.79
23.89
24.43
24.23
24.06
24.12
25.03
24.56
25.64
25.02
24.33
24.65
25.19
25.39
25.12
24.69
25.48
25.94
25.70
25.76
25.98
25.89
25.69
24.76
25.28
24.16
23.82
23.82
23.93
24.09
23.81
24.13
24.50
24.25
24.37
25.63
23.61
24.23
24.08
25.67
25.09
25.52
25.17
24.70
25.73
25.56
24.10
25.86
25.34
23.87
23.11
23.04
24.38
24.68
25.23
27.27
28.12
27.64
26.85
27.94
28.32
26.55
25.01
26.72
27.39
32.66
36.68
33.58
32.38
30.13
27.53
25.04
25.51
23.84
24.76
24.10
24.87
25.09
25.09
27.62
27.47
28.31
28.08
28.74
27.09
25.12
24.87
24.37
25.77
31.90
38.62
33.88
31.29
28.11
26.82
26.40
25.89
23.58
23.95
24.30
25.53
25.20
27.23
26.54
27.96
27.65
27.48
27.43
27.98
27.68
28.00
28.03
31.31
34.98
35.35
34.20
31.43
27.75
28.47
27.15
24.44
23.77
23.94
23.04
23.39
25.22
24.80
25.25
26.38
28.49
27.67
27.14
28.41
28.37
28.12
28.40
34.68
35.78
37.56
35.29
32.65
30.12
26.32
24.82
25.35
25.16
24.71
23.33
25.13
24.50
26.20
27.93
28.61
27.77
27.73
27.53
27.56
28.85
28.06
27.72
28.45
32.07
34.92
30.81
27.97
27.57
27.13
25.56
24.77
25.27
24.30
23.23
22.95
24.21
24.84
25.77
25.82
25.15
24.21
25.57
25.43
24.83
24.46
25.01
26.08
26.52
28.21
27.79
25.35
25.73
26.50
25.64
25.02
24.33
24.15
24.55
24.09
24.41
24.40
23.26
24.56
25.11
25.23
24.76
23.15
24.53
24.74
25.05
27.08
25.75
24.51
25.24
25.44
25.72
26.47
25.26
24.85
24.34
24.66
23.75
23.99
25.03
24.69
26.43
26.27
27.83
27.62
29.21
28.22
27.99
28.54
28.07
29.88
32.42
36.52
33.97
34.67
31.27
26.46
25.69
24.75
25.06
25.01
24.55
24.39
25.14
25.65
27.68
27.79
28.93
27.04
29.42
26.48
24.85
25.36
24.89
27.42
31.59
35.05
33.11
31.50
27.27
28.37
25.65
24.52
25.25
25.82
22.93
24.42
23.73
25.92
26.92
29.34
28.32
27.27
28.05
27.97
28.80
28.84
26.72
28.44
31.99
35.06
36.32
37.10
32.15
27.85
26.90
24.85
24.48
24.58
24.22
25.85
24.77
25.83
27.27
28.27
29.09
26.91
27.86
27.44
28.12
27.38
24.81
25.90
31.89
35.05
36.51
35.40
30.59
27.54
26.39
25.22
24.40
24.47
23.36
25.53
24.73
24.60
27.46
27.48
27.78
28.11
28.42
26.32
24.93
26.51
25.67
28.48
32.16
34.36
30.77
27.21
27.67
28.12
26.37
25.67
24.52
24.84
23.25
22.77
25.64
24.37
24.13
24.28
25.14
25.24
24.38
24.34
23.13
24.31
24.23
26.12
25.70
24.84
24.83
25.47
25.74
25.62
25.35
25.96
25.23
23.62
24.35
23.63
24.24
24.35
26.09
24.28
24.50
24.56
23.60
22.92
23.27
23.56
24.97
24.79
27.26
27.41
27.18
27.44
27.08
25.64
25.77
25.35
24.69
24.03
23.19
23.68
25.50
26.80
24.79
24.76
24.82
25.18
25.41
25.49
25.35
24.57
24.89
26.18
28.00
28.70
28.18
26.81
24.71
25.49
25.52
24.65
25.04
24.54
24.35
25.32
25.54
23.92
24.79
24.91
24.51
23.13
24.30
23.78
25.05
25.27
25.45
24.55
25.64
25.06
25.45
24.68
25.46
25.63
25.60
24.78
23.92
24.65
23.39
23.94
24.65
25.23
26.06
27.89
28.56
29.57
28.62
28.16
27.61
26.45
27.42
31.93
38.46
42.53
39.96
37.57
39.49
30.74
27.88
25.26
24.99
25.03
24.77
25.06
24.52
25.42
27.18
28.50
29.73
28.09
27.95
27.86
28.16
27.91
27.30
28.20
32.10
36.34
37.33
35.30
31.87
27.11
25.52
26.14
24.72
24.43
26.10
26.47
25.83
25.94
26.68
27.46
28.55
28.49
28.42
28.02
29.19
28.23
28.74
26.93
32.90
35.35
34.47
31.61
28.05
26.93
25.37
24.68
24.11
25.26
24.46
24.71
24.20
24.58
25.01
25.21
25.82
24.60
25.52
25.25
26.37
24.83
24.53
25.78
27.43
29.34
29.19
29.28
28.38
26.91
25.86
25.43
24.99
24.56
24.95
24.40
24.57
25.75
25.72
23.74
24.71
24.73
24.59
25.49
25.43
25.07
24.44
25.15
27.69
29.63
29.59
30.48
30.51
27.30
25.37
25.70
24.65
24.40
22.99
24.23
25.11
24.97
25.97
28.44
27.84
28.96
26.68
26.65
25.99
26.48
25.52
28.52
29.17
29.81
31.02
29.41
29.95
26.51
25.82
23.74
23.34
